peer
2 4 8 10 12 14 16 18 20 22 24 26 28 30 32 
17.125327 9.714648 5.960326 5.558522 5.43963 5.376921 5.284224 5.854565 6.105918 6.323031 6.774276 7.16089 7.42224 8.014123 8.490002 
builtin
2 4 8 10 12 14 16 18 20 22 24 26 28 30 32 
32.651152 32.461016 32.769389 32.323255 32.529471 32.250052 32.135966 32.642325 32.606755 32.785243 32.482417 32.284207 32.21987 32.390677 32.531261 
dist
2 4 8 10 12 14 16 18 20 22 24 26 28 30 32 
16.560602 8.548087 4.527882 4.468403 4.477818 4.845143 3.448287 3.341887 3.254753 3.157531 3.023493 2.98141 3.159042 3.034883 2.333682 
dnc
2 4 8 10 12 14 16 18 20 22 24 26 28 30 32 
17.085652 9.577143 6.170575 6.158195 6.179284 6.219629 5.425223 5.288323 5.219304 5.155193 5.439893 5.177493 5.5161 5.481488 4.685527 
