desc: I1 cache:         32768 B, 64 B, 8-way associative
desc: D1 cache:         32768 B, 64 B, 8-way associative
desc: LL cache:         3145728 B, 64 B, 12-way associative
cmd: ./a.out -v
events: Ir I1mr ILmr Dr D1mr DLmr Dw D1mw DLmw 
fl=/build/buildd/eglibc-2.17/csu/../csu/init-first.c
fn=_init
52 7 1 1 0 0 0 3 0 0
58 4 0 0 1 1 0 1 1 1
67 5 1 1 4 2 0 0 0 0
73 1 0 0 0 0 0 1 0 0
74 1 0 0 0 0 0 1 0 0
75 2 1 1 1 1 0 1 1 1
89 4 1 1 0 0 0 1 0 0
97 1 0 0 0 0 0 1 0 0
102 5 0 0 4 0 0 0 0 0
fl=/build/buildd/eglibc-2.17/csu/../sysdeps/generic/dl-hash.h
fn=_init
43 1 0 0 0 0 0 0 0 0
44 1 0 0 0 0 0 0 0 0
45 13 0 0 4 0 0 0 0 0
48 12 0 0 0 0 0 0 0 0
49 8 0 0 0 0 0 0 0 0
62 8 0 0 0 0 0 0 0 0
67 1 0 0 0 0 0 0 0 0
fl=/build/buildd/eglibc-2.17/csu/../sysdeps/unix/sysv/linux/x86_64/init-first.c
fn=_init
38 7 1 1 0 0 0 4 0 0
40 3 1 1 0 0 0 1 0 0
41 2 0 0 0 0 0 0 0 0
42 2 0 0 1 1 0 0 0 0
43 2 0 0 1 0 0 0 0 0
44 1 0 0 0 0 0 1 1 0
46 3 0 0 0 0 0 1 0 0
50 3 0 0 0 0 0 0 0 0
51 2 0 0 1 0 0 0 0 0
52 1 0 0 0 0 0 1 1 1
fl=/build/buildd/eglibc-2.17/csu/../sysdeps/x86_64/multiarch/init-arch.c
fn=__init_cpu_features
31 14 1 1 0 0 0 8 0 0
37 6 0 0 0 0 0 0 0 0
38 6 1 1 0 0 0 0 0 0
44 2 0 0 0 0 0 2 0 0
52 6 3 3 0 0 0 2 0 0
55 12 0 0 0 0 0 0 0 0
57 4 0 0 0 0 0 0 0 0
64 8 2 2 2 1 1 2 0 0
68 6 0 0 0 0 0 0 0 0
69 4 0 0 0 0 0 0 0 0
74 4 0 0 0 0 0 0 0 0
76 2 0 0 0 0 0 0 0 0
77 2 2 2 0 0 0 0 0 0
78 22 3 3 0 0 0 0 0 0
89 4 0 0 0 0 0 0 0 0
111 6 0 0 0 0 0 2 0 0
115 2 0 0 0 0 0 0 0 0
147 4 1 1 0 0 0 0 0 0
151 4 0 0 0 0 0 0 0 0
153 6 1 1 0 0 0 0 0 0
157 4 3 3 0 0 0 0 0 0
158 2 0 0 2 0 0 0 0 0
160 4 0 0 0 0 0 0 0 0
163 4 0 0 2 0 0 0 0 0
168 2 0 0 0 0 0 2 0 0
169 2 0 0 0 0 0 2 0 0
171 2 0 0 0 0 0 2 0 0
172 4 0 0 4 0 0 0 0 0
fl=/build/buildd/eglibc-2.17/csu/libc-start.c
fn=(below main)
128 10 2 2 0 0 0 8 0 0
138 7 1 1 2 0 0 1 0 0
192 2 0 0 0 0 0 0 0 0
193 4 1 1 0 0 0 1 0 0
215 6 0 0 2 0 0 0 0 0
218 2 0 0 0 0 0 0 0 0
219 5 0 0 4 0 0 1 0 0
223 4 1 1 2 0 0 0 0 0
238 2 0 0 0 0 0 0 0 0
247 2 0 0 0 0 0 1 0 0
248 2 0 0 0 0 0 0 0 0
253 2 0 0 1 1 0 1 0 0
254 2 0 0 1 0 0 1 0 0
257 2 0 0 0 0 0 1 0 0
260 6 0 0 5 0 0 1 0 0
294 2 0 0 0 0 0 1 0 0
fl=/build/buildd/eglibc-2.17/ctype/ctype-info.c
fn=__ctype_init
32 21 1 1 15 5 0 3 0 0
34 12 0 0 6 0 0 3 0 0
36 15 1 1 9 1 0 3 0 0
fl=/build/buildd/eglibc-2.17/elf/../elf/dl-runtime.c
fn=_dl_fixup
68 130 1 1 0 0 0 78 0 0
70 26 0 0 26 0 0 0 0 0
71 52 0 0 52 2 0 0 0 0
74 130 1 1 52 8 0 0 0 0
75 182 0 0 52 16 0 26 1 1
76 78 0 0 52 5 0 0 0 0
81 52 0 0 0 0 0 0 0 0
85 52 1 1 26 22 13 0 0 0
87 2 1 1 0 0 0 0 0 0
89 78 0 0 26 4 0 0 0 0
93 50 0 0 50 8 0 0 0 0
94 100 0 0 25 1 0 0 0 0
96 100 0 0 25 4 0 0 0 0
102 15 0 0 0 0 0 0 0 0
103 78 1 1 26 0 0 0 0 0
105 11 1 1 0 0 0 11 0 0
106 22 0 0 0 0 0 0 0 0
110 52 0 0 26 5 2 26 0 0
113 260 1 1 52 4 0 78 1 1
117 78 0 0 26 0 0 0 0 0
118 44 1 1 22 0 0 0 0 0
121 104 0 0 26 0 0 26 0 0
127 156 1 1 52 1 0 0 0 0
135 26 0 0 26 0 0 0 0 0
143 104 0 0 26 0 0 0 0 0
147 78 0 0 26 1 0 0 0 0
151 130 0 0 104 0 0 0 0 0
fl=/build/buildd/eglibc-2.17/elf/../elf/dl-sysdep.c
fn=_dl_sysdep_start
86 8 1 1 0 0 0 6 1 1
87 2 0 0 0 0 0 0 0 0
88 1 0 0 0 0 0 0 0 0
110 1 0 0 0 0 0 1 0 0
111 191 1 1 62 8 8 4 2 2
114 2 0 0 0 0 0 1 0 0
115 1 0 0 0 0 0 1 1 1
117 92 2 2 24 1 1 9 0 0
118 105 1 1 18 2 2 0 0 0
121 2 0 0 1 0 0 0 0 0
124 1 1 1 1 1 1 0 0 0
127 1 1 1 1 1 1 0 0 0
130 1 0 0 1 0 0 0 0 0
151 1 1 1 1 1 1 0 0 0
154 1 0 0 1 0 0 0 0 0
157 1 1 1 1 0 0 0 0 0
160 1 1 1 1 0 0 0 0 0
176 1 0 0 1 0 0 0 0 0
224 3 0 0 0 0 0 2 0 0
226 5 0 0 0 0 0 1 0 0
238 3 0 0 1 0 0 0 0 0
241 5 1 1 1 0 0 1 0 0
242 1 0 0 1 0 0 0 0 0
243 8 0 0 7 1 0 0 0 0
fn=_dl_sysdep_start_cleanup
248 1 1 1 1 0 0 0 0 0
fl=/build/buildd/eglibc-2.17/elf/../misc/sbrk.c
fn=sbrk
34 4 0 0 0 0 0 2 1 1
42 6 1 1 2 1 1 0 0 0
46 2 0 0 0 0 0 0 0 0
57 5 1 1 3 0 0 0 0 0
fl=/build/buildd/eglibc-2.17/elf/../sysdeps/unix/sysv/linux/dl-osinfo.h
fn=security_init
61 2 0 0 0 0 0 0 0 0
84 2 1 1 1 0 0 1 0 0
86 1 0 0 1 0 0 0 0 0
93 1 1 1 1 0 0 0 0 0
101 2 0 0 0 0 0 0 0 0
112 1 0 0 1 0 0 0 0 0
fl=/build/buildd/eglibc-2.17/elf/../sysdeps/unix/sysv/linux/dl-sysdep.c
fn=_dl_discover_osversion
45 7 1 1 0 0 0 6 0 0
47 3 1 1 1 0 0 0 0 0
87 4 1 1 0 0 0 1 1 1
102 1 0 0 0 0 0 0 0 0
106 1 0 0 0 0 0 0 0 0
107 1 0 0 0 0 0 0 0 0
109 12 0 0 3 1 1 0 0 0
111 6 0 0 0 0 0 0 0 0
113 12 0 0 3 0 0 0 0 0
119 3 0 0 0 0 0 0 0 0
120 3 1 1 0 0 0 0 0 0
121 3 0 0 0 0 0 0 0 0
123 13 0 0 0 0 0 0 0 0
128 2 0 0 0 0 0 0 0 0
132 8 1 1 7 0 0 0 0 0
fn=_dl_sysdep_start
35 2 0 0 0 0 0 1 0 0
fl=/build/buildd/eglibc-2.17/elf/../sysdeps/unix/sysv/linux/dl-vdso.c
fn=_dl_vdso_vsym
26 4 0 0 0 0 0 0 0 0
27 8 2 2 8 1 0 0 0 0
28 8 1 1 4 0 0 0 0 0
31 8 0 0 0 0 0 0 0 0
fl=/build/buildd/eglibc-2.17/elf/../sysdeps/unix/sysv/linux/x86_64/brk.c
fn=brk
28 1 1 1 0 0 0 0 0 0
31 6 0 0 0 0 0 1 1 1
33 2 1 1 0 0 0 0 0 0
39 1 0 0 0 0 0 0 0 0
40 1 0 0 1 0 0 0 0 0
fl=/build/buildd/eglibc-2.17/elf/../sysdeps/x86_64/dl-machine.h
fn=_dl_fixup
210 26 0 0 0 0 0 26 0 0
fn=_dl_relocate_object
71 20 0 0 5 0 0 0 0 0
77 8 1 1 8 3 0 0 0 0
81 12 0 0 4 4 3 0 0 0
87 4 0 0 0 0 0 4 0 0
95 12 1 1 4 0 0 0 0 0
108 8 0 0 0 0 0 4 0 0
111 16 0 0 4 3 1 0 0 0
244 224 0 0 0 0 0 0 0 0
265 224 1 1 0 0 0 0 0 0
269 224 0 0 0 0 0 0 0 0
276 4112 10 10 709 96 86 683 3 0
278 509 0 0 206 0 0 0 0 0
281 412 0 0 103 0 0 0 0 0
287 672 1 1 112 4 3 0 0 0
305 4 1 1 0 0 0 0 0 0
306 4 0 0 2 0 0 2 0 0
313 3 0 0 1 0 0 0 0 0
315 3 0 0 2 0 0 1 0 0
367 36 1 1 12 0 0 0 0 0
371 48 1 1 12 1 0 0 0 0
376 48 0 0 24 1 1 12 3 3
395 199 1 1 97 14 13 97 11 5
402 20 0 0 0 0 0 12 0 0
469 3792 0 0 1264 318 317 0 0 0
474 2528 0 0 0 0 0 0 0 0
475 3792 0 0 1264 157 157 1264 246 243
485 185 0 0 96 0 0 0 0 0
489 178 0 0 0 0 0 0 0 0
491 267 0 0 89 0 0 0 0 0
492 89 0 0 89 11 10 0 0 0
509 14 0 0 14 0 0 0 0 0
511 7 0 0 0 0 0 7 0 0
512 7 0 0 0 0 0 7 0 0
fn=_dl_start
58 3 0 0 1 1 1 0 0 0
241 8 0 0 0 0 0 0 0 0
269 16 0 0 0 0 0 0 0 0
278 32 1 1 16 1 1 0 0 0
281 32 0 0 8 5 5 0 0 0
287 49 0 0 8 1 1 0 0 0
376 16 1 1 8 1 1 8 1 1
474 24 0 0 12 1 1 0 0 0
475 36 0 0 12 2 2 12 4 4
fn=_dl_sysdep_start
200 5 1 1 2 1 1 0 0 0
fl=/build/buildd/eglibc-2.17/elf/../sysdeps/x86_64/dl-trampoline.S
fn=_dl_runtime_resolve
34 26 1 1 0 0 0 0 0 0
36 26 0 0 0 0 0 26 1 1
37 26 0 0 0 0 0 26 0 0
38 26 1 1 0 0 0 26 0 0
39 26 0 0 0 0 0 26 0 0
40 26 0 0 0 0 0 26 0 0
41 26 0 0 0 0 0 26 0 0
42 26 0 0 0 0 0 26 0 0
43 26 0 0 26 0 0 0 0 0
44 26 0 0 26 0 0 0 0 0
45 26 0 0 0 0 0 26 1 0
46 26 0 0 0 0 0 0 0 0
47 26 0 0 26 0 0 0 0 0
48 26 0 0 26 0 0 0 0 0
49 26 0 0 26 0 0 0 0 0
50 26 0 0 26 0 0 0 0 0
51 26 1 1 26 0 0 0 0 0
52 26 0 0 26 0 0 0 0 0
53 26 0 0 26 0 0 0 0 0
54 26 0 0 0 0 0 0 0 0
56 26 0 0 0 0 0 0 0 0
fl=/build/buildd/eglibc-2.17/elf/dl-addr.c
fn=_dl_addr
30 2 1 1 1 0 0 1 0 0
31 1 0 0 0 0 0 1 0 0
34 2 0 0 1 0 0 0 0 0
38 1 0 0 1 0 0 0 0 0
39 1 0 0 1 0 0 0 0 0
40 3 1 1 2 0 0 1 0 0
42 2 0 0 2 0 0 0 0 0
45 2 0 0 1 1 0 0 0 0
50 2029 0 0 2 0 0 0 0 0
52 1011 1 1 1011 61 19 0 0 0
53 2022 0 0 0 0 0 0 0 0
55 4923 0 0 905 0 0 0 0 0
61 11040 0 0 2208 470 422 0 0 0
63 8832 1 1 2208 0 0 0 0 0
64 16184 0 0 5068 355 325 0 0 0
69 2208 0 0 0 0 0 0 0 0
71 9843 1 1 2208 134 79 0 0 0
99 2 0 0 1 1 0 0 0 0
100 2 0 0 1 0 0 1 1 0
101 2 1 1 1 0 0 0 0 0
104 2 0 0 0 0 0 0 0 0
116 1 1 1 0 0 0 1 0 0
117 1 0 0 0 0 0 1 0 0
124 1 0 0 0 0 0 0 0 0
126 11 1 1 0 0 0 8 0 0
131 3 0 0 2 0 0 1 0 0
134 5 1 1 2 0 0 0 0 0
135 13 1 1 4 0 0 0 0 0
136 20 0 0 8 3 0 0 0 0
137 2 1 1 1 0 0 0 0 0
140 2 1 1 0 0 0 0 0 0
145 3 0 0 2 2 0 1 0 0
148 9 0 0 7 1 0 0 0 0
fl=/build/buildd/eglibc-2.17/elf/dl-altinit.c
fn=dlinit_alt
33 3 1 1 2 0 0 0 0 0
34 1 0 0 1 0 0 0 0 0
fl=/build/buildd/eglibc-2.17/elf/dl-cache.c
fn=_dl_cache_libcmp
139 40 1 1 20 0 0 0 0 0
140 250 0 0 0 0 0 0 0 0
142 363 1 1 0 0 0 0 0 0
144 250 0 0 121 21 21 0 0 0
150 8 0 0 0 0 0 0 0 0
151 8 0 0 0 0 0 0 0 0
152 20 0 0 4 0 0 0 0 0
154 20 1 1 4 0 0 0 0 0
156 8 0 0 0 0 0 0 0 0
162 234 1 1 0 0 0 0 0 0
164 335 0 0 101 0 0 0 0 0
165 32 0 0 16 0 0 0 0 0
168 101 0 0 0 0 0 0 0 0
169 101 0 0 0 0 0 0 0 0
172 12 0 0 8 0 0 0 0 0
fn=_dl_load_cache_lookup
182 16 1 1 0 0 0 12 0 0
190 4 0 0 2 0 0 0 0 0
193 6 0 0 2 0 0 0 0 0
196 5 1 1 0 0 0 1 0 0
204 5 1 1 1 0 0 0 0 0
205 8 0 0 1 0 0 2 0 0
209 1 0 0 0 0 0 1 0 0
212 4 1 1 1 0 0 0 0 0
215 2 0 0 0 0 0 1 0 0
216 3 0 0 0 0 0 0 0 0
217 6 0 0 1 0 0 1 0 0
238 3 0 0 1 0 0 0 0 0
244 6 1 1 2 0 0 0 0 0
253 8 0 0 4 0 0 2 0 0
259 8 1 1 0 0 0 4 0 0
263 14 0 0 4 0 0 4 0 0
264 12 0 0 6 0 0 0 0 0
278 468 9 9 70 16 16 26 0 0
294 4 1 1 2 0 0 0 0 0
299 18 2 2 14 0 0 0 0 0
fn=_dl_unload_cache
308 1 0 0 0 0 0 0 0 0
309 4 1 1 1 1 0 0 0 0
311 2 0 0 1 0 0 1 0 0
312 1 0 0 0 0 0 1 0 0
314 2 0 0 1 0 0 0 0 0
fl=/build/buildd/eglibc-2.17/elf/dl-debug.c
fn=_dl_debug_initialize
51 10 1 1 0 0 0 0 0 0
52 5 1 1 5 0 0 0 0 0
56 18 0 0 5 0 0 0 0 0
59 1 0 0 0 0 0 1 0 0
60 2 0 0 0 0 0 1 0 0
61 5 1 1 1 0 0 1 0 0
62 3 0 0 1 0 0 1 0 0
fn=_dl_debug_state
75 2 0 0 2 0 0 0 0 0
fl=/build/buildd/eglibc-2.17/elf/dl-deps.c
fn=_dl_map_object_deps
144 5 0 0 0 0 0 1 0 0
147 11 1 1 0 0 0 9 0 0
148 9 1 1 0 0 0 1 0 0
162 4 1 1 0 0 0 2 0 0
163 2 0 0 0 0 0 2 0 0
164 8 1 1 0 0 0 2 0 0
170 8 0 0 2 0 0 2 0 0
180 9 1 1 1 0 0 1 0 0
181 1 0 0 1 0 0 0 0 0
184 3 0 0 0 0 0 2 0 0
190 1 0 0 0 0 0 1 0 0
191 1 1 1 0 0 0 1 0 0
203 2 0 0 1 0 0 1 0 0
204 1 0 0 0 0 0 0 0 0
205 1 0 0 0 0 0 1 0 0
206 2 0 0 0 0 0 2 0 0
211 5 0 0 0 0 0 0 0 0
212 2 0 0 0 0 0 0 0 0
215 5 0 0 0 0 0 5 0 0
219 20 1 1 10 0 0 0 0 0
220 22 0 0 9 0 0 0 0 0
222 3 0 0 0 0 0 0 0 0
224 9 0 0 6 0 0 0 0 0
226 26 2 2 2 0 0 4 0 0
231 18 1 1 9 1 1 0 0 0
233 9 0 0 6 0 0 3 0 0
238 3 0 0 0 0 0 3 0 0
239 3 0 0 0 0 0 3 0 0
240 6 0 0 3 0 0 3 0 0
241 6 0 0 3 0 0 3 0 0
244 340 1 1 88 1 0 3 0 0
245 158 0 0 0 0 0 0 0 0
251 35 1 1 10 0 0 5 0 0
253 5 0 0 0 0 0 5 0 0
256 30 0 0 0 0 0 5 0 0
258 15 1 1 5 0 0 0 0 0
273 5 0 0 5 0 0 0 0 0
275 10 0 0 5 0 0 0 0 0
280 9 0 0 0 0 0 0 0 0
283 3 0 0 0 0 0 3 0 0
284 3 1 1 0 0 0 3 0 0
285 3 0 0 0 0 0 3 0 0
286 6 0 0 3 0 0 3 0 0
288 3 0 0 3 0 0 0 0 0
290 18 0 0 3 0 0 6 0 0
294 10 0 0 0 0 0 0 0 0
295 9 0 0 0 0 0 3 0 0
297 222 1 1 0 0 0 0 0 0
475 10 1 1 0 0 0 0 0 0
477 9 0 0 0 0 0 3 0 0
479 6 0 0 0 0 0 3 0 0
480 6 0 0 0 0 0 0 0 0
481 6 0 0 0 0 0 0 0 0
484 3 0 0 0 0 0 3 0 0
485 18 0 0 0 0 0 3 0 0
486 15 0 0 0 0 0 3 0 0
489 3 0 0 0 0 0 3 0 0
490 3 0 0 3 0 0 0 0 0
494 25 1 1 10 0 0 0 0 0
496 5 0 0 5 0 0 0 0 0
497 42 0 0 8 0 0 4 0 0
501 6 0 0 2 0 0 0 0 0
502 2 0 0 1 0 0 1 0 0
505 5 1 1 2 0 0 1 0 0
515 2 0 0 0 0 0 1 0 0
516 3 0 0 1 0 0 0 0 0
518 2 1 1 0 0 0 0 0 0
523 7 0 0 3 0 0 1 0 0
524 12 1 1 7 0 0 2 0 0
526 16 1 1 5 0 0 1 0 0
532 20 0 0 5 0 0 5 2 2
536 10 0 0 10 0 0 0 0 0
539 2 0 0 1 0 0 0 0 0
590 6 0 0 3 0 0 1 0 0
592 3 0 0 1 0 0 0 0 0
628 6 1 1 1 0 0 2 0 0
630 3 1 1 1 0 0 0 0 0
634 8 1 1 0 0 0 2 0 0
635 6 2 2 0 0 0 1 0 0
636 6 0 0 2 0 0 2 0 0
640 4 0 0 4 0 0 0 0 0
641 8 0 0 4 0 0 0 0 0
647 26 0 0 7 0 0 0 0 0
649 24 0 0 12 0 0 0 0 0
650 15 0 0 0 0 0 0 0 0
652 30 0 0 10 0 0 0 0 0
653 21 0 0 0 0 0 0 0 0
663 3 2 2 2 0 0 0 0 0
675 6 1 1 0 0 0 0 0 0
678 12 0 0 4 0 0 0 0 0
681 45 1 1 12 0 0 12 0 0
688 2 0 0 1 0 0 1 0 0
690 2 0 0 1 0 0 1 0 0
691 1 0 0 1 0 0 0 0 0
699 2 0 0 1 0 0 0 0 0
702 2 1 1 0 0 0 0 0 0
705 8 0 0 7 0 0 0 0 0
fn=openaux
60 10 1 1 0 0 0 5 0 0
63 50 1 1 20 0 0 10 1 1
64 10 0 0 5 0 0 0 0 0
67 5 0 0 5 0 0 0 0 0
68 10 0 0 10 0 0 0 0 0
fl=/build/buildd/eglibc-2.17/elf/dl-environ.c
fn=_dl_next_ld_env_entry
30 3 1 1 3 0 0 0 0 0
31 1 0 0 0 0 0 0 0 0
33 185 0 0 61 0 0 0 0 0
35 120 1 1 60 32 32 0 0 0
36 28 0 0 10 0 0 0 0 0
38 2 0 0 0 0 0 0 0 0
41 4 0 0 0 0 0 2 0 0
43 2 0 0 2 0 0 0 0 0
46 58 0 0 0 0 0 0 0 0
50 1 0 0 1 0 0 0 0 0
fl=/build/buildd/eglibc-2.17/elf/dl-error.c
fn=_dl_catch_error
159 42 2 2 0 0 0 36 2 2
168 6 0 0 0 0 0 6 2 2
170 12 0 0 6 0 0 12 1 1
171 12 0 0 6 0 0 6 0 0
173 24 0 0 0 0 0 6 0 0
174 12 0 0 0 0 0 0 0 0
176 18 0 0 6 0 0 6 0 0
177 18 1 1 12 0 0 6 0 0
178 18 0 0 12 0 0 6 0 0
179 12 0 0 6 0 0 6 0 0
180 12 0 0 6 0 0 6 0 0
181 12 0 0 6 0 0 6 0 0
191 24 0 0 12 0 0 0 0 0
fn=_dl_receive_error
197 10 1 1 0 0 0 6 0 0
198 2 0 0 1 0 0 1 0 0
202 1 0 0 1 0 0 0 0 0
203 1 0 0 1 0 0 0 0 0
206 1 0 0 0 0 0 1 0 0
207 1 1 1 0 0 0 1 0 0
209 2 0 0 0 0 0 1 0 0
211 1 0 0 0 0 0 1 0 0
212 1 0 0 0 0 0 1 0 0
213 8 0 0 7 0 0 0 0 0
fl=/build/buildd/eglibc-2.17/elf/dl-fini.c
fn=_dl_fini
131 6 0 0 0 0 0 1 0 0
132 8 1 1 0 0 0 6 0 0
144 1 0 0 0 0 0 0 0 0
145 1 1 1 0 0 0 1 0 0
151 1 0 0 0 0 0 1 0 0
154 6 0 0 2 0 0 1 0 0
157 2 1 1 1 0 0 1 0 0
160 2 0 0 2 1 0 0 0 0
163 2 0 0 0 0 0 0 0 0
165 6 1 1 3 0 0 0 0 0
172 2 0 0 1 0 0 0 0 0
176 4 0 0 1 0 0 0 0 0
178 2 0 0 1 0 0 0 0 0
181 9 1 1 0 0 0 1 0 0
184 2 0 0 0 0 0 1 0 0
192 15 0 0 5 0 0 0 0 0
194 10 0 0 5 1 0 0 0 0
196 10 0 0 5 0 0 0 0 0
198 10 1 1 5 0 0 5 0 0
199 10 0 0 5 0 0 5 2 0
200 10 0 0 0 0 0 5 0 0
204 5 0 0 5 0 0 0 0 0
206 2 0 0 1 0 0 0 0 0
211 5 0 0 2 0 0 1 0 0
220 2 1 1 1 0 0 1 0 0
224 16 0 0 7 0 0 0 0 0
226 5 0 0 5 0 0 0 0 0
228 15 0 0 5 0 0 0 0 0
231 10 0 0 0 0 0 5 0 0
234 15 1 1 5 4 0 0 0 0
235 4 1 1 2 2 0 0 0 0
238 6 0 0 3 0 0 0 0 0
245 6 0 0 0 0 0 0 0 0
249 6 0 0 6 2 0 0 0 0
250 3 0 0 3 2 0 0 0 0
251 6 0 0 3 0 0 0 0 0
252 21 0 0 0 0 0 0 0 0
253 9 1 1 3 3 0 3 0 0
257 9 0 0 3 3 0 0 0 0
258 9 0 0 6 3 0 3 0 0
263 30 0 0 10 1 0 0 0 0
279 10 1 1 5 0 0 0 0 0
284 6 0 0 2 0 0 0 0 0
286 1 0 0 0 0 0 1 0 0
290 2 0 0 1 0 0 0 0 0
297 8 0 0 7 0 0 0 0 0
fn=_dl_sort_fini
33 11 1 1 0 0 0 9 0 0
35 2 0 0 0 0 0 0 0 0
40 3 0 0 0 0 0 0 0 0
41 6 0 0 0 0 0 0 0 0
42 7 1 1 1 0 0 4 0 0
46 12 0 0 4 0 0 4 0 0
47 8 1 1 4 0 0 0 0 0
51 20 0 0 8 0 0 0 0 0
57 15 1 1 7 0 0 1 0 0
58 23 1 1 0 0 0 0 0 0
60 24 1 1 12 2 0 0 0 0
61 15 0 0 0 0 0 0 0 0
63 30 0 0 10 2 0 0 0 0
64 21 0 0 0 0 0 0 0 0
94 18 0 0 6 0 0 0 0 0
115 6 0 0 0 0 0 0 0 0
119 17 0 0 4 0 0 0 0 0
122 39 0 0 12 0 0 12 0 0
126 8 0 0 7 0 0 0 0 0
fl=/build/buildd/eglibc-2.17/elf/dl-hwcaps.c
fn=_dl_important_hwcaps
37 7 0 0 3 0 0 0 0 0
39 12 2 2 0 0 0 10 0 0
41 1 0 0 1 0 0 0 0 0
42 3 0 0 1 0 0 1 1 1
51 3 0 0 1 0 0 0 0 0
60 1 1 1 0 0 0 0 0 0
61 4 1 1 1 0 0 1 0 0
65 2 0 0 0 0 0 0 0 0
103 2 1 1 0 0 0 1 0 0
105 5 1 1 0 0 0 1 1 1
120 7 1 1 0 0 0 1 0 0
121 2 0 0 0 0 0 0 0 0
123 2 0 0 0 0 0 0 0 0
133 2 0 0 0 0 0 0 0 0
150 2 1 1 0 0 0 0 0 0
158 2 2 2 1 0 0 0 0 0
160 4 0 0 2 0 0 1 0 0
161 4 0 0 1 0 0 1 0 0
165 3 0 0 1 0 0 1 0 0
166 1 0 0 0 0 0 1 0 0
169 2 1 1 1 0 0 0 0 0
172 2 0 0 1 0 0 0 0 0
173 1 0 0 1 0 0 0 0 0
176 4 0 0 1 0 0 1 0 0
177 2 0 0 1 0 0 0 0 0
195 11 2 2 3 0 0 4 0 0
196 7 0 0 0 0 0 3 0 0
197 4 0 0 2 0 0 0 0 0
226 3 1 1 0 0 0 2 1 1
229 2 0 0 1 0 0 0 0 0
231 6 1 1 3 0 0 2 0 0
232 7 1 1 3 0 0 3 0 0
257 14 2 2 1 0 0 0 0 0
258 8 0 0 0 0 0 4 0 0
262 10 0 0 0 0 0 0 0 0
265 28 0 0 0 0 0 0 0 0
266 24 1 1 0 0 0 0 0 0
267 14 0 0 9 0 0 0 0 0
269 4 0 0 0 0 0 0 0 0
272 3 0 0 1 0 0 0 0 0
273 1 0 0 0 0 0 0 0 0
274 7 1 1 1 0 0 0 0 0
287 12 1 1 3 0 0 2 0 0
288 2 0 0 0 0 0 0 0 0
290 4 0 0 0 0 0 0 0 0
293 3 0 0 2 0 0 1 0 0
295 1 0 0 0 0 0 0 0 0
296 9 0 0 7 0 0 0 0 0
fl=/build/buildd/eglibc-2.17/elf/dl-init.c
fn=_dl_init
36 18 1 1 6 0 0 0 0 0
42 10 0 0 0 0 0 5 0 0
45 20 0 0 10 1 0 0 0 0
46 3 0 0 0 0 0 0 0 0
50 8 1 1 4 4 0 0 0 0
51 3 1 1 1 1 0 0 0 0
55 35 0 0 5 0 0 5 0 0
92 11 1 1 0 0 0 6 0 0
93 1 0 0 1 1 0 0 0 0
94 1 0 0 1 0 0 0 0 0
97 3 1 1 1 0 0 0 0 0
100 2 1 1 0 0 0 1 0 0
104 4 0 0 1 0 0 0 0 0
132 13 1 1 0 0 0 0 0 0
133 15 0 0 10 0 0 0 0 0
139 8 0 0 7 0 0 0 0 0
fn=call_init.part.0
34 53 1 1 0 0 0 20 0 0
63 12 0 0 4 0 0 0 0 0
65 6 0 0 6 3 0 0 0 0
69 12 0 0 0 0 0 3 0 0
73 4 0 0 4 2 0 0 0 0
74 8 0 0 0 0 0 0 0 0
80 12 1 1 8 3 0 0 0 0
82 8 0 0 8 0 0 0 0 0
83 23 0 0 0 0 0 0 0 0
84 20 0 0 5 1 0 5 0 0
86 24 0 0 24 0 0 0 0 0
fl=/build/buildd/eglibc-2.17/elf/dl-load.c
fn=_dl_init_paths
711 12 0 0 0 0 0 0 0 0
712 9 1 1 0 0 0 6 0 0
727 6 1 1 2 0 0 2 0 0
731 1 0 0 0 0 0 1 0 0
732 3 0 0 0 0 0 1 0 0
733 2 0 0 0 0 0 0 0 0
740 5 0 0 0 0 0 0 0 0
741 2 1 1 1 0 0 0 0 0
744 1 0 0 0 0 0 1 0 0
745 3 0 0 0 0 0 1 0 0
747 2 0 0 0 0 0 0 0 0
753 1 0 0 0 0 0 1 0 0
754 1 0 0 0 0 0 1 0 0
762 7 1 1 0 0 0 3 0 0
764 9 0 0 0 0 0 4 2 2
765 4 1 1 0 0 0 4 1 1
767 5 1 1 0 0 0 4 0 0
768 10 0 0 3 1 1 4 1 1
769 10 0 0 0 0 0 0 0 0
772 6 0 0 3 1 1 0 0 0
773 24 0 0 0 0 0 0 0 0
774 40 1 1 0 0 0 8 1 1
776 18 0 0 0 0 0 4 0 0
782 1 0 0 0 0 0 1 1 1
783 1 1 1 0 0 0 1 0 0
787 1 0 0 1 0 0 0 0 0
788 2 0 0 0 0 0 0 0 0
790 4 0 0 1 0 0 0 0 0
792 3 0 0 1 0 0 0 0 0
806 1 0 0 0 0 0 1 0 0
808 3 1 1 1 0 0 0 0 0
819 2 1 1 0 0 0 1 0 0
824 4 1 1 1 0 0 0 0 0
832 5 1 1 0 0 0 1 0 0
834 11 1 1 0 0 0 2 0 0
851 48 0 0 15 0 0 0 0 0
853 14 0 0 0 0 0 0 0 0
854 42 0 0 0 0 0 0 0 0
855 14 0 0 0 0 0 0 0 0
858 1 0 0 0 0 0 1 0 0
859 1 0 0 0 0 0 1 0 0
860 2 1 1 0 0 0 0 0 0
866 7 0 0 1 0 0 1 0 0
870 3 0 0 2 0 0 0 0 0
876 1 0 0 0 0 0 1 0 0
880 8 0 0 7 0 0 0 0 0
fn=_dl_map_object
161 6 1 1 2 0 0 2 0 0
162 6 0 0 0 0 0 4 0 0
164 6 0 0 2 0 0 0 0 0
167 6 0 0 2 0 0 2 0 0
689 18 2 2 6 0 0 0 0 0
2311 60 1 1 0 0 0 48 1 1
2318 12 0 0 0 0 0 0 0 0
2319 12 1 1 6 1 1 0 0 0
2322 99 0 0 21 0 0 0 0 0
2327 54 1 1 18 0 0 0 0 0
2328 36 0 0 0 0 0 0 0 0
2330 90 0 0 0 0 0 18 3 3
2334 30 0 0 15 0 0 0 0 0
2335 45 1 1 15 0 0 0 0 0
2338 6 0 0 6 0 0 0 0 0
2339 12 0 0 12 0 0 0 0 0
2340 24 1 1 0 0 0 6 0 0
2356 9 1 1 3 0 0 0 0 0
2367 18 0 0 3 0 0 3 0 0
2391 3 0 0 0 0 0 3 1 1
2393 17 1 1 2 0 0 3 0 0
2397 8 0 0 0 0 0 4 0 0
2399 4 1 1 0 0 0 0 0 0
2406 8 0 0 2 0 0 0 0 0
2410 6 1 1 2 0 0 2 0 0
2411 8 1 1 2 0 0 2 0 0
2415 6 0 0 2 0 0 0 0 0
2416 2 0 0 0 0 0 0 0 0
2418 8 0 0 0 0 0 4 0 0
2430 8 1 1 6 0 0 0 0 0
2431 14 2 2 6 0 0 0 0 0
2441 4 0 0 2 0 0 0 0 0
2442 36 1 1 4 0 0 8 0 0
2448 14 2 2 0 0 0 2 0 0
2449 2 0 0 0 0 0 0 0 0
2451 2 1 1 0 0 0 2 0 0
2457 8 1 1 0 0 0 2 0 0
2459 6 0 0 2 0 0 0 0 0
2463 6 0 0 0 0 0 4 0 0
2465 4 0 0 0 0 0 0 0 0
2470 6 0 0 2 0 0 0 0 0
2478 4 1 1 2 0 0 0 0 0
2505 20 0 0 4 0 0 2 0 0
2508 4 0 0 0 0 0 0 0 0
2510 2 0 0 0 0 0 2 0 0
2511 4 0 0 0 0 0 0 0 0
2531 4 0 0 2 0 0 0 0 0
2537 1 0 0 0 0 0 1 0 0
2539 6 1 1 0 0 0 1 0 0
2540 3 0 0 0 0 0 0 0 0
2541 1 0 0 0 0 0 0 0 0
2544 7 1 1 0 0 0 1 0 0
2547 2 0 0 0 0 0 0 0 0
2559 12 0 0 3 0 0 0 0 0
2561 6 0 0 0 0 0 0 0 0
2605 6 0 0 3 0 0 3 0 0
2606 39 1 1 6 0 0 12 0 0
2608 54 0 0 42 0 0 0 0 0
fn=_dl_map_object_from_fd
917 42 1 1 0 0 0 30 2 2
928 12 1 1 3 0 0 6 1 1
929 3 0 0 0 0 0 3 0 0
932 18 1 1 3 0 0 3 0 0
943 48 0 0 15 0 0 0 0 0
944 45 1 1 24 1 1 0 0 0
961 6 1 1 3 0 0 0 0 0
986 6 0 0 3 0 0 0 0 0
996 6 0 0 3 0 0 0 0 0
1018 12 1 1 6 0 0 0 0 0
1050 6 0 0 0 0 0 0 0 0
1053 24 1 1 12 0 0 3 0 0
1054 6 0 0 0 0 0 0 0 0
1065 9 0 0 6 0 0 3 2 2
1066 9 0 0 6 0 0 3 0 0
1067 6 1 1 3 0 0 3 0 0
1069 12 0 0 0 0 0 0 0 0
1070 18 0 0 12 0 0 0 0 0
1071 3 0 0 0 0 0 0 0 0
1086 3 1 1 0 0 0 3 0 0
1095 33 1 1 0 0 0 9 0 0
1096 3 0 0 0 0 0 0 0 0
1097 3 0 0 0 0 0 0 0 0
1103 217 0 0 0 0 0 0 0 0
1104 188 2 2 26 0 0 0 0 0
1110 6 0 0 3 0 0 3 0 0
1111 12 0 0 3 0 0 3 0 0
1115 4 0 0 2 0 0 2 0 0
1116 2 0 0 0 0 0 0 0 0
1121 30 2 2 12 0 0 0 0 0
1127 36 0 0 12 0 0 0 0 0
1128 6 0 0 0 0 0 0 0 0
1135 24 1 1 6 0 0 0 0 0
1136 24 0 0 0 0 0 6 3 3
1137 18 0 0 6 0 0 0 0 0
1138 12 0 0 0 0 0 6 1 1
1139 6 0 0 0 0 0 6 0 0
1140 12 0 0 6 0 0 6 0 0
1141 12 0 0 0 0 0 6 0 0
1145 12 0 0 0 0 0 0 0 0
1146 9 0 0 3 0 0 0 0 0
1151 42 1 1 6 0 0 6 1 1
1161 15 0 0 0 0 0 0 0 0
1164 3 0 0 1 0 0 0 0 0
1168 1 0 0 0 0 0 1 1 1
1169 2 0 0 1 0 0 1 0 0
1170 2 0 0 0 0 0 0 0 0
1171 1 0 0 0 0 0 0 0 0
1173 3 1 1 1 0 0 1 0 0
1174 2 0 0 1 0 0 1 0 0
1177 2 0 0 1 0 0 1 0 0
1181 4 0 0 1 0 0 0 0 0
1187 3 1 1 1 0 0 2 1 1
1188 1 0 0 0 0 0 0 0 0
1192 15 0 0 3 0 0 3 0 0
1200 12 0 0 0 0 0 0 0 0
1244 6 0 0 3 0 0 3 0 0
1245 3 0 0 0 0 0 0 0 0
1248 6 1 1 3 0 0 3 1 1
1249 9 0 0 6 0 0 3 0 0
1250 3 0 0 0 0 0 0 0 0
1253 9 0 0 0 0 0 0 0 0
1263 3 0 0 3 0 0 0 0 0
1266 24 1 1 9 0 0 3 0 0
1268 6 0 0 3 0 0 0 0 0
1282 3 0 0 3 0 0 0 0 0
1287 21 1 1 9 0 0 9 2 2
1291 9 0 0 3 0 0 0 0 0
1298 9 1 1 3 0 0 3 0 0
1299 9 0 0 6 0 0 3 0 0
1301 6 0 0 0 0 0 0 0 0
1307 18 1 1 3 0 0 3 0 0
1308 3 1 1 3 0 0 0 0 0
1311 3 0 0 3 0 0 0 0 0
1334 30 0 0 6 0 0 0 0 0
1336 12 0 0 6 0 0 0 0 0
1338 30 0 0 12 0 0 3 0 0
1346 18 0 0 6 0 0 0 0 0
1347 9 1 1 6 0 0 3 0 0
1349 12 0 0 6 0 0 0 0 0
1350 6 1 1 3 0 0 0 0 0
1351 6 1 1 2 0 0 0 0 0
1352 5 0 0 1 0 0 0 0 0
1354 4 0 0 0 0 0 1 0 0
1357 24 0 0 12 0 0 0 0 0
1363 6 0 0 3 0 0 0 0 0
1364 3 0 0 0 0 0 0 0 0
1365 15 1 1 3 0 0 0 0 0
1366 6 0 0 0 0 0 0 0 0
1373 6 0 0 0 0 0 0 0 0
1376 6 0 0 0 0 0 0 0 0
1387 21 0 0 0 0 0 9 0 0
1388 15 0 0 9 0 0 0 0 0
1393 6 0 0 0 0 0 0 0 0
1397 16 0 0 2 0 0 2 0 0
1400 4 0 0 0 0 0 0 0 0
1408 6 1 1 0 0 0 0 0 0
1412 12 0 0 6 0 0 0 0 0
1421 9 1 1 3 0 0 3 0 0
1427 6 1 1 0 0 0 0 0 0
1443 9 0 0 3 0 0 0 0 0
1462 6 0 0 3 0 0 3 0 0
1464 15 1 1 6 0 0 0 0 0
1519 9 0 0 3 1 1 0 0 0
1520 2 0 0 1 0 0 1 0 0
1523 12 0 0 3 0 0 3 0 0
1531 21 2 2 3 0 0 0 0 0
1532 2 1 1 1 0 0 0 0 0
1534 12 0 0 6 0 0 3 0 0
1536 6 0 0 3 0 0 0 0 0
1552 6 0 0 0 0 0 3 0 0
1556 6 0 0 3 0 0 0 0 0
1557 6 1 1 3 0 0 0 0 0
1575 12 0 0 6 0 0 3 0 0
1578 6 0 0 3 0 0 3 0 0
1579 6 1 1 3 0 0 3 0 0
1583 6 0 0 3 0 0 0 0 0
1593 9 0 0 3 0 0 3 0 0
1597 9 0 0 3 0 0 0 0 0
1617 27 0 0 21 0 0 0 0 0
fn=expand_dynamic_string_token
161 3 0 0 0 0 0 1 0 0
162 2 0 0 0 0 0 1 0 0
164 2 0 0 0 0 0 0 0 0
167 4 0 0 0 0 0 0 0 0
421 9 1 1 0 0 0 5 0 0
431 5 1 1 0 0 0 1 1 1
446 6 1 1 5 0 0 0 0 0
fn=fillin_rpath
489 11 0 0 0 0 0 0 0 0
491 14 2 2 0 0 0 11 0 0
493 1 0 0 0 0 0 0 0 0
495 12 0 0 2 0 0 2 0 0
498 3 1 1 0 0 0 1 0 0
502 2 0 0 0 0 0 0 0 0
509 4 0 0 1 0 0 0 0 0
514 2 1 1 0 0 0 1 0 0
517 3 0 0 1 0 0 0 0 0
521 17 0 0 5 0 0 0 0 0
522 8 0 0 4 0 0 0 0 0
540 4 2 2 1 0 0 1 0 0
543 4 0 0 0 0 0 3 0 0
544 3 1 1 2 0 0 0 0 0
545 1 0 0 0 0 0 0 0 0
546 4 0 0 2 0 0 0 0 0
550 1 0 0 0 0 0 1 1 1
551 1 0 0 0 0 0 0 0 0
552 5 1 1 0 0 0 3 0 0
553 1 0 0 0 0 0 1 0 0
555 3 0 0 2 0 0 0 0 0
561 4 0 0 1 0 0 0 0 0
562 4 1 1 0 0 0 0 0 0
563 10 1 1 0 0 0 2 0 0
565 2 0 0 1 0 0 1 1 1
566 2 0 0 1 0 0 0 0 0
571 2 1 1 0 0 0 1 0 0
573 1 1 1 0 0 0 1 0 0
574 1 0 0 0 0 0 1 0 0
577 3 0 0 0 0 0 1 0 0
582 1 0 0 0 0 0 1 0 0
585 9 1 1 7 0 0 0 0 0
fn=open_path
2158 10 0 0 0 0 0 0 0 0
2162 28 2 2 0 0 0 24 1 1
2163 4 0 0 2 0 0 2 0 0
2166 2 0 0 0 0 0 2 0 0
2167 2 0 0 0 0 0 2 0 0
2169 6 0 0 0 0 0 0 0 0
2174 18 1 1 4 0 0 0 0 0
2177 4 0 0 4 0 0 0 0 0
2186 4 1 1 2 0 0 0 0 0
2193 10 0 0 4 0 0 4 0 0
2194 44 1 1 10 0 0 0 0 0
2197 16 1 1 8 0 0 0 0 0
2201 55 1 1 30 0 0 10 0 0
2204 5 0 0 0 0 0 0 0 0
2207 10 0 0 5 0 0 0 0 0
2210 40 1 1 20 0 0 5 0 0
2212 15 0 0 5 0 0 0 0 0
2214 8 0 0 0 0 0 0 0 0
2219 8 1 1 4 0 0 0 0 0
2220 36 0 0 16 0 0 0 0 0
2226 16 1 1 4 0 0 6 0 0
2228 24 0 0 0 0 0 4 0 0
2229 5 1 1 1 0 0 0 0 0
2231 7 1 1 0 0 0 4 0 0
2233 2 0 0 0 0 0 0 0 0
2238 12 0 0 0 0 0 0 0 0
2240 2 0 0 0 0 0 0 0 0
2276 4 0 0 0 0 0 0 0 0
2279 10 1 1 2 0 0 0 0 0
2284 2 0 0 2 0 0 0 0 0
2286 8 0 0 6 0 0 0 0 0
2289 6 0 0 2 0 0 0 0 0
2303 18 0 0 14 0 0 0 0 0
fn=open_verify
1867 96 2 2 0 0 0 64 1 1
1903 24 0 0 8 0 0 0 0 0
1924 40 0 0 8 0 0 16 2 2
1925 16 0 0 0 0 0 0 0 0
1935 3 1 1 0 0 0 3 0 0
1936 6 0 0 0 0 0 3 0 0
1941 18 0 0 3 0 0 3 0 0
1943 6 0 0 0 0 0 0 0 0
1945 9 0 0 3 0 0 3 0 0
1947 6 0 0 0 0 0 0 0 0
1953 6 1 1 0 0 0 0 0 0
1969 42 0 0 6 0 0 6 0 0
1971 3 0 0 3 0 0 0 0 0
1973 15 1 1 0 0 0 6 0 0
2000 2 1 1 1 0 0 0 0 0
2044 6 0 0 3 1 1 0 0 0
2049 6 0 0 3 0 0 0 0 0
2051 9 1 1 3 0 0 0 0 0
2057 6 0 0 3 0 0 0 0 0
2064 15 0 0 3 0 0 0 0 0
2065 12 0 0 3 0 0 0 0 0
2066 3 0 0 0 0 0 0 0 0
2081 151 1 1 0 0 0 0 0 0
2083 53 1 1 25 5 5 0 0 0
2087 12 0 0 6 0 0 0 0 0
2088 6 0 0 0 0 0 0 0 0
2097 30 1 1 0 0 0 5 0 0
2100 3 0 0 0 0 0 0 0 0
2101 9 0 0 3 0 0 0 0 0
2102 9 0 0 3 0 0 0 0 0
2104 9 0 0 0 0 0 0 0 0
2109 2 0 0 0 0 0 0 0 0
2110 2 0 0 0 0 0 0 0 0
2113 4 0 0 0 0 0 0 0 0
2116 6 1 1 2 0 0 0 0 0
2117 10 0 0 2 0 0 0 0 0
2118 4 0 0 2 0 0 0 0 0
2119 6 0 0 2 0 0 0 0 0
2120 10 0 0 2 0 0 0 0 0
2125 5 0 0 0 0 0 5 0 0
2148 72 1 1 64 0 0 0 0 0
fl=/build/buildd/eglibc-2.17/elf/dl-lookup.c
fn=_dl_lookup_symbol_x
477 7489 0 0 1780 100 93 0 0 0
478 6628 1 1 0 0 0 0 0 0
716 1722 2 2 0 0 0 1107 10 5
718 246 0 0 0 0 0 123 2 2
719 246 1 1 0 0 0 246 0 0
722 123 0 0 123 2 0 0 0 0
726 470 0 0 112 0 0 0 0 0
730 246 0 0 123 0 0 123 0 0
731 246 0 0 123 0 0 0 0 0
733 246 0 0 246 2 0 0 0 0
737 1266 1 1 132 0 0 369 0 0
739 1599 3 2 738 0 0 861 8 5
742 369 0 0 123 0 0 0 0 0
745 9 0 0 0 0 0 0 0 0
770 246 0 0 0 0 0 0 0 0
772 63 2 2 18 0 0 0 0 0
790 9 0 0 0 0 0 9 0 0
791 18 0 0 0 0 0 0 0 0
794 114 0 0 114 0 0 0 0 0
795 912 1 1 228 0 0 0 0 0
830 456 0 0 114 0 0 0 0 0
844 342 0 0 114 5 1 0 0 0
845 2 1 1 0 0 0 1 0 0
847 456 1 1 228 0 0 0 0 0
852 114 0 0 0 0 0 114 0 0
854 1107 0 0 861 0 0 0 0 0
fn=_dl_setup_hash
865 15 1 1 5 0 0 0 0 0
869 5 0 0 5 0 0 0 0 0
873 10 0 0 5 5 5 5 1 1
874 5 0 0 5 0 0 0 0 0
875 5 0 0 5 1 1 0 0 0
877 15 0 0 0 0 0 0 0 0
878 5 0 0 0 0 0 5 0 0
879 15 1 1 5 0 0 5 0 0
881 5 0 0 0 0 0 5 0 0
882 10 0 0 0 0 0 0 0 0
884 5 0 0 0 0 0 5 0 0
885 5 0 0 0 0 0 0 0 0
886 20 0 0 0 0 0 5 0 0
887 5 0 0 5 0 0 0 0 0
fn=check_match.9346
132 805 2 2 0 0 0 460 2 1
133 230 0 0 115 35 18 0 0 0
135 460 0 0 230 8 7 0 0 0
137 345 0 0 115 0 0 0 0 0
147 345 0 0 115 0 0 115 10 4
150 512 0 0 256 0 0 47 2 1
154 230 0 0 230 0 0 0 0 0
155 345 1 1 115 0 0 0 0 0
157 226 0 0 0 0 0 0 0 0
176 226 0 0 226 26 10 0 0 0
177 904 1 1 339 9 0 0 0 0
178 560 1 1 224 2 0 112 0 0
179 5 0 0 1 0 0 0 0 0
205 4 0 0 0 0 0 0 0 0
207 12 0 0 4 1 0 0 0 0
208 8 0 0 2 0 0 0 0 0
216 2 0 0 0 0 0 0 0 0
223 805 1 1 575 0 0 0 0 0
fn=do_lookup_x
77 1099 1 1 369 0 0 615 6 3
82 1476 2 2 246 0 0 738 5 3
83 123 0 0 123 2 0 0 0 0
89 123 0 0 123 0 0 0 0 0
95 508 0 0 0 0 0 508 0 0
96 508 0 0 0 0 0 508 0 0
98 1524 1 1 1016 13 0 508 0 0
101 1016 0 0 0 0 0 0 0 0
105 1016 0 0 508 0 0 0 0 0
109 1016 0 0 508 9 0 0 0 0
113 1016 0 0 508 1 0 0 0 0
120 1524 1 1 508 6 0 0 0 0
124 1524 0 0 1016 19 0 508 3 1
125 1524 0 0 1016 1 0 508 0 0
226 508 0 0 508 0 0 0 0 0
227 1016 0 0 0 0 0 0 0 0
229 508 0 0 508 65 36 0 0 0
230 246 0 0 0 0 0 0 0 0
231 1016 1 1 508 0 0 0 0 0
233 246 0 0 0 0 0 0 0 0
234 2540 0 0 508 0 0 0 0 0
237 2540 0 0 0 0 0 0 0 0
238 1016 0 0 0 0 0 0 0 0
240 248 0 0 248 69 53 0 0 0
241 496 1 1 0 0 0 0 0 0
242 248 0 0 0 0 0 0 0 0
244 488 0 0 244 0 0 0 0 0
247 1255 1 1 251 78 64 0 0 0
249 690 0 0 230 0 0 115 0 0
250 1035 1 1 0 0 0 690 2 1
251 807 1 1 576 0 0 0 0 0
254 411 0 0 0 0 0 0 0 0
258 394 0 0 0 0 0 394 0 0
282 788 1 1 394 0 0 0 0 0
287 856 1 1 114 0 0 0 0 0
291 156 1 1 14 1 0 114 0 0
304 114 0 0 0 0 0 114 0 0
305 228 0 0 114 0 0 114 0 0
306 228 0 0 0 0 0 0 0 0
462 2211 0 0 737 1 0 0 0 0
463 1287 0 0 468 0 0 468 5 2
466 1182 1 1 0 0 0 0 0 0
469 9 0 0 0 0 0 0 0 0
470 984 0 0 861 0 0 0 0 0
fl=/build/buildd/eglibc-2.17/elf/dl-minimal.c
fn=__libc_memalign
51 104 1 1 0 0 0 52 0 0
52 103 1 1 51 0 0 0 0 0
57 3 0 0 0 0 0 1 0 0
58 3 1 1 1 0 0 0 0 0
59 1 0 0 0 0 0 0 0 0
63 78 0 0 0 0 0 26 0 0
64 26 0 0 0 0 0 0 0 0
66 170 0 0 0 0 0 0 0 0
70 12 1 1 3 0 0 0 0 0
71 9 0 0 0 0 0 0 0 0
77 21 0 0 0 0 0 3 0 0
79 15 0 0 6 0 0 0 0 0
83 9 0 0 0 0 0 3 0 0
86 26 0 0 0 0 0 26 0 0
87 26 0 0 0 0 0 26 0 0
89 130 0 0 78 0 0 0 0 0
fn=calloc
102 10 1 1 0 0 0 0 0 0
106 20 0 0 0 0 0 0 0 0
109 50 0 0 0 0 0 0 0 0
113 10 0 0 0 0 0 0 0 0
fn=malloc
93 25 1 1 0 0 0 0 0 0
94 50 0 0 0 0 0 0 0 0
fn=strsep
338 8 1 1 4 0 0 0 0 0
340 4 0 0 4 0 0 0 0 0
341 8 0 0 0 0 0 0 0 0
345 317 1 1 63 0 0 0 0 0
350 244 0 0 122 0 0 0 0 0
352 366 0 0 122 0 0 0 0 0
360 61 0 0 0 0 0 0 0 0
363 2 0 0 0 0 0 2 0 0
367 4 0 0 4 0 0 0 0 0
fl=/build/buildd/eglibc-2.17/elf/dl-misc.c
fn=_dl_name_match_p
304 780 1 1 0 0 0 312 1 1
305 624 0 0 156 3 0 156 1 0
306 164 0 0 0 0 0 0 0 0
308 156 0 0 156 0 0 0 0 0
310 624 0 0 0 0 0 0 0 0
311 820 1 1 164 8 0 164 0 0
314 156 0 0 156 0 0 0 0 0
316 148 0 0 0 0 0 0 0 0
317 780 0 0 468 0 0 0 0 0
fn=_dl_sysdep_read_whole_file
43 7 1 1 0 0 0 4 0 0
44 1 0 0 0 0 0 0 0 0
50 4 0 0 0 0 0 1 0 0
51 2 0 0 0 0 0 0 0 0
53 6 1 1 0 0 0 1 0 0
55 2 0 0 1 0 0 1 0 0
58 2 0 0 0 0 0 0 0 0
60 8 1 1 0 0 0 1 0 0
71 2 0 0 0 0 0 1 0 0
74 7 0 0 5 0 0 0 0 0
fl=/build/buildd/eglibc-2.17/elf/dl-object.c
fn=_dl_add_to_namespace_list
33 20 1 1 0 0 0 8 0 0
35 8 0 0 4 0 0 4 0 0
37 29 0 0 4 0 0 0 0 0
40 27 0 0 9 0 0 0 0 0
41 6 0 0 0 0 0 0 0 0
42 3 0 0 0 0 0 3 0 0
44 3 0 0 0 0 0 3 0 0
47 2 0 0 0 0 0 1 0 0
48 12 1 1 4 0 0 0 0 0
49 8 0 0 4 0 0 4 0 0
50 8 0 0 0 0 0 4 0 0
52 12 0 0 4 0 0 0 0 0
53 12 0 0 8 0 0 0 0 0
fn=_dl_new_object
60 5 0 0 0 0 0 0 0 0
62 52 1 1 0 0 0 36 1 1
63 20 0 0 0 0 0 4 0 0
69 48 1 1 8 0 0 0 0 0
76 20 1 1 0 0 0 8 0 0
79 12 0 0 4 0 0 0 0 0
82 4 0 0 0 0 0 4 4 4
83 8 0 0 0 0 0 4 4 4
87 8 1 1 0 0 0 4 0 0
88 16 0 0 4 0 0 8 1 1
90 4 0 0 0 0 0 4 1 1
92 4 0 0 0 0 0 4 1 1
93 24 0 0 8 4 4 4 0 0
96 8 1 1 4 0 0 0 0 0
97 8 1 1 0 0 0 4 4 4
98 4 0 0 0 0 0 4 0 0
102 4 0 0 0 0 0 4 0 0
105 40 0 0 0 0 0 0 0 0
107 32 0 0 0 0 0 16 4 4
117 8 0 0 0 0 0 4 1 1
118 4 0 0 0 0 0 4 4 4
121 4 0 0 0 0 0 0 0 0
123 28 1 1 4 0 0 0 0 0
125 12 0 0 0 0 0 3 0 0
128 10 1 1 0 0 0 0 0 0
132 9 0 0 3 0 0 0 0 0
136 20 1 1 3 0 0 0 0 0
138 3 0 0 1 0 0 0 0 0
144 1 1 1 0 0 0 1 0 0
147 8 0 0 0 0 0 4 1 1
150 12 0 0 4 0 0 0 0 0
152 15 0 0 0 0 0 9 0 0
156 12 1 1 0 0 0 0 0 0
160 9 0 0 0 0 0 3 0 0
161 12 0 0 0 0 0 0 0 0
206 12 0 0 3 0 0 3 0 0
211 115 0 0 0 0 0 0 0 0
212 118 1 1 59 0 0 0 0 0
214 6 0 0 0 0 0 0 0 0
217 6 0 0 0 0 0 3 0 0
220 3 0 0 0 0 0 3 1 1
224 36 1 1 28 0 0 0 0 0
fl=/build/buildd/eglibc-2.17/elf/dl-reloc.c
fn=_dl_relocate_object
152 15 1 1 0 0 0 5 0 0
154 60 2 2 0 0 0 40 0 0
161 5 0 0 0 0 0 5 0 0
164 10 0 0 0 0 0 0 0 0
165 20 0 0 0 0 0 10 0 0
169 10 0 0 0 0 0 0 0 0
170 25 0 0 5 1 0 5 0 0
176 10 0 0 5 0 0 0 0 0
182 15 1 1 5 0 0 0 0 0
183 10 1 1 5 4 0 0 0 0
186 10 0 0 5 0 0 0 0 0
194 10 0 0 5 0 0 0 0 0
239 15 1 1 10 0 0 5 0 0
265 279 3 3 94 13 0 67 0 0
268 15 0 0 5 0 0 0 0 0
296 5 0 0 5 0 0 0 0 0
299 10 0 0 5 0 0 0 0 0
316 15 0 0 5 2 0 0 0 0
318 40 1 1 35 1 0 0 0 0
324 20 1 1 10 2 0 0 0 0
325 10 0 0 5 0 0 0 0 0
326 10 0 0 0 0 0 0 0 0
329 10 0 0 0 0 0 0 0 0
330 25 0 0 0 0 0 5 0 0
fl=/build/buildd/eglibc-2.17/elf/dl-tls.c
fn=__tls_get_addr
770 2 1 1 2 0 0 0 0 0
772 6 0 0 4 2 0 0 0 0
775 6 0 0 4 0 0 0 0 0
777 4 0 0 0 0 0 0 0 0
780 2 0 0 2 0 0 0 0 0
781 2 0 0 2 0 0 0 0 0
fn=_dl_add_to_slotinfo
831 4 1 1 0 0 0 3 0 0
837 2 1 1 1 0 0 0 0 0
840 1 0 0 1 1 0 0 0 0
845 3 0 0 1 0 0 0 0 0
886 4 1 1 0 0 0 1 1 0
887 3 1 1 1 0 0 1 0 0
888 4 0 0 4 0 0 0 0 0
fn=_dl_allocate_tls
295 4 1 1 2 1 0 0 0 0
296 6 0 0 0 0 0 2 0 0
297 4 0 0 0 0 0 0 0 0
300 2 0 0 0 0 0 2 0 0
306 4 0 0 0 0 0 2 0 0
459 12 1 1 0 0 0 8 0 0
460 8 0 0 0 0 0 0 0 0
463 10 1 1 8 0 0 0 0 0
fn=_dl_allocate_tls_init
375 21 0 0 3 0 0 0 0 0
376 24 1 1 0 0 0 21 0 0
377 6 0 0 0 0 0 0 0 0
381 12 0 0 6 1 0 3 0 0
383 3 0 0 0 0 0 3 0 0
384 3 0 0 0 0 0 0 0 0
389 3 0 0 3 0 0 0 0 0
394 24 1 1 9 0 0 0 0 0
400 18 0 0 6 0 0 0 0 0
403 3 1 1 3 1 0 0 0 0
404 6 0 0 0 0 0 0 0 0
410 9 0 0 3 0 0 0 0 0
412 6 0 0 0 0 0 0 0 0
413 6 0 0 3 0 0 0 0 0
422 6 1 1 3 0 0 0 0 0
423 12 0 0 6 1 0 0 0 0
425 6 0 0 0 0 0 0 0 0
426 6 0 0 3 0 0 0 0 0
434 12 1 1 3 0 0 3 1 0
435 3 0 0 0 0 0 3 0 0
436 24 0 0 3 0 0 6 0 0
450 6 1 1 3 0 0 3 0 0
453 27 0 0 24 0 0 0 0 0
fn=_dl_allocate_tls_storage
295 2 1 1 1 0 0 0 0 0
296 3 0 0 0 0 0 1 0 0
297 2 0 0 0 0 0 0 0 0
300 1 0 0 0 0 0 1 1 1
306 2 0 0 0 0 0 1 0 0
328 3 1 1 0 0 0 3 0 0
330 1 0 0 1 0 0 0 0 0
341 4 0 0 1 0 0 1 0 0
342 2 0 0 0 0 0 0 0 0
349 1 0 0 0 0 0 0 0 0
353 306 1 1 0 0 0 288 36 36
370 5 0 0 4 0 0 0 0 0
fn=_dl_determine_tlsoffset
112 7 1 1 0 0 0 6 0 0
118 3 0 0 1 0 0 0 0 0
121 2 0 0 1 0 0 0 0 0
157 10 0 0 2 1 1 0 0 0
159 9 1 1 1 0 0 0 0 0
161 3 0 0 1 0 0 0 0 0
162 2 1 1 1 0 0 0 0 0
164 2 0 0 0 0 0 0 0 0
166 5 0 0 1 0 0 0 0 0
168 2 1 1 0 0 0 0 0 0
182 9 0 0 0 0 0 0 0 0
184 3 0 0 0 0 0 0 0 0
185 1 0 0 0 0 0 0 0 0
194 1 1 1 0 0 0 1 0 0
197 4 0 0 0 0 0 1 0 0
198 1 0 0 0 0 0 1 0 0
249 1 0 0 0 0 0 1 0 0
250 8 1 1 7 0 0 0 0 0
fn=_dl_get_tls_static_info
320 2 1 1 1 0 0 1 0 0
321 3 0 0 2 0 0 1 0 0
fn=_dl_next_tls_modid
50 1 1 1 0 0 0 0 0 0
53 3 0 0 2 1 1 0 0 0
101 2 0 0 0 0 0 1 0 0
105 2 1 1 1 0 0 0 0 0
fl=/build/buildd/eglibc-2.17/elf/dl-tsd.c
fn=__libc_dl_error_tsd
48 2 0 0 2 1 0 0 0 0
49 1 0 0 1 0 0 0 0 0
fl=/build/buildd/eglibc-2.17/elf/dl-version.c
fn=_dl_check_all_versions
381 6 1 1 0 0 0 4 0 0
385 21 0 0 5 0 0 0 0 0
386 5 0 0 0 0 0 0 0 0
387 50 1 1 5 0 0 5 0 0
390 7 1 1 5 0 0 0 0 0
fn=_dl_check_map_versions
56 67 0 0 10 0 0 0 0 0
57 16 0 0 16 0 0 0 0 0
58 105 0 0 0 0 0 21 0 0
174 55 2 2 0 0 0 40 0 0
175 2 0 0 0 0 0 0 0 0
183 2 0 0 0 0 0 0 0 0
189 15 0 0 5 0 0 0 0 0
191 10 0 0 5 0 0 5 0 0
193 10 0 0 5 0 0 5 0 0
194 10 0 0 5 0 0 5 0 0
196 10 1 1 0 0 0 0 0 0
199 12 0 0 6 0 0 3 0 0
203 18 0 0 6 2 2 0 0 0
220 10 1 1 10 0 0 0 0 0
228 15 1 1 5 0 0 0 0 0
233 35 0 0 10 0 0 0 0 0
237 186 1 1 114 5 4 24 0 0
245 48 0 0 12 0 0 0 0 0
248 41 0 0 12 0 0 0 0 0
253 7 0 0 0 0 0 0 0 0
257 20 1 1 10 0 0 0 0 0
262 6 0 0 0 0 0 2 0 0
263 2 0 0 0 0 0 0 0 0
271 10 1 1 5 0 0 0 0 0
274 12 0 0 9 0 0 0 0 0
277 148 0 0 37 2 2 0 0 0
280 111 0 0 37 1 1 0 0 0
284 34 0 0 0 0 0 0 0 0
288 10 1 1 0 0 0 0 0 0
293 4 0 0 0 0 0 4 0 0
294 16 1 1 0 0 0 4 0 0
295 8 0 0 0 0 0 0 0 0
303 4 0 0 0 0 0 4 0 0
306 12 1 1 8 0 0 4 0 0
308 8 0 0 4 0 0 0 0 0
311 15 0 0 12 0 0 0 0 0
315 15 0 0 5 0 0 0 0 0
318 36 0 0 12 0 0 0 0 0
320 36 1 1 0 0 0 0 0 0
322 60 0 0 12 0 0 12 0 0
323 36 0 0 0 0 0 12 4 4
324 36 0 0 12 0 0 12 1 1
325 36 0 0 12 0 0 12 1 1
328 36 0 0 12 0 0 0 0 0
333 7 0 0 0 0 0 0 0 0
336 15 1 1 5 0 0 0 0 0
341 2 0 0 0 0 0 0 0 0
342 2 0 0 0 0 0 0 0 0
346 8 0 0 4 0 0 0 0 0
349 15 0 0 12 0 0 0 0 0
353 37 0 0 37 0 0 0 0 0
355 74 0 0 37 0 0 0 0 0
360 204 0 0 68 0 0 34 11 11
361 102 0 0 34 0 0 34 0 0
362 34 0 0 0 0 0 34 3 3
365 114 1 1 37 0 0 0 0 0
369 34 0 0 0 0 0 0 0 0
375 45 0 0 35 0 0 0 0 0
fn=match_symbol
76 156 2 2 0 0 0 96 0 0
77 24 0 0 24 0 0 0 0 0
85 24 0 0 12 0 0 0 0 0
91 36 1 1 12 0 0 0 0 0
103 12 0 0 0 0 0 0 0 0
106 12 0 0 12 1 0 0 0 0
107 24 0 0 0 0 0 0 0 0
109 12 0 0 12 0 0 0 0 0
114 146 0 0 73 9 9 0 0 0
128 146 0 0 73 4 4 0 0 0
130 12 1 1 12 1 1 0 0 0
133 72 0 0 12 1 1 12 0 0
140 183 0 0 61 3 3 0 0 0
144 61 0 0 0 0 0 0 0 0
168 96 1 1 84 0 0 0 0 0
fl=/build/buildd/eglibc-2.17/elf/do-rel.h
fn=_dl_relocate_object
47 20 0 0 10 0 0 0 0 0
48 10 0 0 10 0 0 0 0 0
58 30 0 0 10 0 0 0 0 0
61 304 1 1 0 0 0 0 0 0
63 288 1 1 96 35 35 0 0 0
65 23 0 0 0 0 0 0 0 0
74 8 0 0 0 0 0 0 0 0
75 37 1 1 11 0 0 0 0 0
76 14 0 0 7 0 0 0 0 0
83 12 0 0 6 0 0 6 0 0
84 6 1 1 6 0 0 0 0 0
86 12 0 0 0 0 0 0 0 0
98 18 0 0 0 0 0 0 0 0
108 11 0 0 1 1 1 0 0 0
111 3803 0 0 0 0 0 0 0 0
112 2528 1 1 1264 0 0 0 0 0
118 18 0 0 6 5 0 0 0 0
121 10 1 1 5 3 0 5 1 0
124 365 3 3 120 0 0 4 1 0
127 428 1 1 107 28 24 0 0 0
136 321 0 0 214 45 42 0 0 0
137 612 1 1 107 0 0 107 1 0
138 199 0 0 107 1 0 0 0 0
139 214 0 0 214 0 0 0 0 0
143 8 0 0 0 0 0 0 0 0
160 23 2 2 5 0 0 4 0 0
162 20 0 0 5 2 2 0 0 0
170 25 1 1 5 0 0 5 0 0
171 10 0 0 10 0 0 0 0 0
174 4 0 0 2 0 0 0 0 0
fn=_dl_start
83 1 0 0 1 0 0 0 0 0
84 1 0 0 1 0 0 0 0 0
111 39 1 1 0 0 0 0 0 0
112 24 0 0 12 3 3 0 0 0
116 2 1 1 1 0 0 0 0 0
124 28 1 1 0 0 0 0 0 0
137 40 0 0 8 2 2 0 0 0
139 16 0 0 8 0 0 0 0 0
fl=/build/buildd/eglibc-2.17/elf/get-dynamic-info.h
fn=_dl_map_object_from_fd
38 6 0 0 0 0 0 0 0 0
42 3 0 0 0 0 0 0 0 0
44 234 0 0 78 21 21 0 0 0
46 150 1 1 0 0 0 0 0 0
51 75 0 0 0 0 0 0 0 0
52 123 0 0 0 0 0 72 18 18
53 12 0 0 0 0 0 0 0 0
56 15 1 1 0 0 0 0 0 0
59 15 0 0 0 0 0 0 0 0
60 3 0 0 0 0 0 0 0 0
61 9 0 0 0 0 0 3 0 0
62 75 0 0 0 0 0 0 0 0
69 6 1 1 0 0 0 0 0 0
89 11 0 0 5 0 0 0 0 0
90 12 0 0 6 0 0 0 0 0
91 12 0 0 6 0 0 0 0 0
92 12 0 0 6 0 0 0 0 0
94 12 1 1 6 0 0 0 0 0
99 12 0 0 6 0 0 0 0 0
100 11 0 0 5 1 1 0 0 0
101 12 0 0 6 0 0 0 0 0
107 9 1 1 3 0 0 0 0 0
112 6 0 0 3 0 0 0 0 0
119 6 0 0 3 0 0 0 0 0
120 9 0 0 6 0 0 0 0 0
136 9 0 0 3 0 0 0 0 0
141 4 0 0 2 0 0 2 0 0
143 4 0 0 0 0 0 0 0 0
145 4 0 0 0 0 0 0 0 0
147 4 0 0 0 0 0 0 0 0
150 9 1 1 3 0 0 0 0 0
152 8 0 0 2 0 0 2 0 0
160 4 1 1 2 0 0 0 0 0
165 4 0 0 0 0 0 0 0 0
168 6 0 0 3 0 0 0 0 0
fn=_dl_start
44 63 2 2 21 6 6 0 0 0
46 40 1 1 0 0 0 0 0 0
47 30 0 0 0 0 0 15 4 4
51 21 0 0 0 0 0 0 0 0
52 18 0 0 0 0 0 4 2 2
53 4 1 1 0 0 0 0 0 0
56 5 1 1 0 0 0 0 0 0
59 5 1 1 0 0 0 0 0 0
60 1 0 0 0 0 0 0 0 0
61 4 0 0 0 0 0 1 1 1
62 20 0 0 0 0 0 0 0 0
69 2 0 0 0 0 0 0 0 0
89 4 0 0 2 0 0 0 0 0
90 4 0 0 2 0 0 0 0 0
91 4 0 0 2 0 0 0 0 0
92 4 1 1 2 0 0 0 0 0
94 4 0 0 2 0 0 0 0 0
99 4 0 0 2 0 0 0 0 0
100 4 0 0 2 0 0 0 0 0
101 4 1 1 2 0 0 0 0 0
107 3 0 0 1 0 0 0 0 0
112 2 0 0 1 0 0 0 0 0
119 3 0 0 1 0 0 0 0 0
120 3 0 0 2 0 0 0 0 0
128 3 1 1 1 0 0 0 0 0
130 3 0 0 1 0 0 0 0 0
133 2 1 1 1 0 0 0 0 0
134 2 0 0 1 0 0 0 0 0
fn=dl_main
29 1 1 1 1 0 0 0 0 0
38 2 0 0 0 0 0 0 0 0
42 1 0 0 0 0 0 0 0 0
44 75 0 0 25 7 7 0 0 0
46 48 1 1 0 0 0 0 0 0
51 17 0 0 0 0 0 0 0 0
52 34 0 0 0 0 0 23 6 6
53 4 0 0 0 0 0 0 0 0
56 5 1 1 0 0 0 0 0 0
59 5 0 0 0 0 0 0 0 0
60 1 0 0 0 0 0 0 0 0
61 3 1 1 0 0 0 1 0 0
62 24 0 0 0 0 0 0 0 0
69 3 1 1 1 0 0 0 0 0
107 3 1 1 1 0 0 0 0 0
112 2 0 0 1 0 0 0 0 0
119 2 0 0 1 0 0 0 0 0
120 3 0 0 2 0 0 0 0 0
136 3 0 0 1 0 0 0 0 0
150 3 1 1 1 0 0 0 0 0
168 2 1 1 1 0 0 0 0 0
fl=/build/buildd/eglibc-2.17/elf/rtld.c
fn=_dl_initial_error_catch_tsd
803 16 0 0 8 0 0 0 0 0
fn=_dl_start
290 71 3 3 1 1 1 1 0 0
302 2 1 1 0 0 0 1 1 1
303 2 0 0 0 0 0 1 0 0
304 2 0 0 0 0 0 1 0 0
305 2 0 0 0 0 0 1 1 1
306 2 0 0 0 0 0 1 0 0
327 5 1 1 0 0 0 1 0 0
331 1 0 0 0 0 0 1 1 1
337 4 1 0 0 0 0 1 0 0
346 4 0 0 0 0 0 0 0 0
349 2 0 0 1 1 0 1 1 0
353 2 1 0 1 0 0 0 0 0
367 9 1 1 0 0 0 6 1 1
385 5 0 0 0 0 0 1 1 1
411 1 0 0 0 0 0 1 1 1
414 1 0 0 0 0 0 1 1 1
542 2 0 0 0 0 0 0 0 0
547 33 2 2 9 0 0 0 0 0
549 1 0 0 1 1 1 0 0 0
574 9 0 0 7 1 0 0 0 0
fn=dl_main
892 7 1 1 0 0 0 0 0 0
896 12 2 2 0 0 0 8 1 1
904 2 0 0 0 0 0 0 0 0
905 1 0 0 0 0 0 0 0 0
911 1 0 0 0 0 0 1 0 0
915 2 0 0 0 0 0 1 0 0
918 2 0 0 0 0 0 1 1 1
922 2 1 1 0 0 0 1 1 1
923 2 0 0 0 0 0 1 0 0
928 2 0 0 0 0 0 1 0 0
938 4 2 2 2 0 0 0 0 0
1134 8 1 1 0 0 0 1 0 0
1136 2 1 1 0 0 0 0 0 0
1137 1 0 0 0 0 0 1 0 0
1138 2 0 0 1 0 0 1 0 0
1139 3 0 0 2 0 0 1 0 0
1143 3 0 0 0 0 0 1 0 0
1144 2 1 1 1 0 0 0 0 0
1165 1 0 0 0 0 0 1 1 1
1166 1 0 0 0 0 0 1 0 0
1168 1 0 0 0 0 0 1 0 0
1170 1 0 0 1 0 0 0 0 0
1173 36 2 2 3 0 0 0 0 0
1174 74 1 1 9 5 5 0 0 0
1178 3 1 1 1 0 0 1 0 0
1179 1 0 0 0 0 0 0 0 0
1183 3 0 0 2 0 0 1 0 0
1184 1 0 0 0 0 0 0 0 0
1192 1 0 0 0 0 0 1 1 1
1193 2 1 1 2 1 1 0 0 0
1195 2 0 0 0 0 0 1 0 0
1202 2 0 0 1 0 0 0 0 0
1220 2 1 1 0 0 0 0 0 0
1228 4 1 1 2 0 0 0 0 0
1229 11 1 1 3 1 1 0 0 0
1230 4 0 0 2 0 0 0 0 0
1231 1 0 0 0 0 0 1 0 0
1234 4 0 0 2 1 1 0 0 0
1235 4 0 0 2 0 0 0 0 0
1236 2 0 0 0 0 0 2 0 0
1237 6 0 0 3 0 0 0 0 0
1238 2 0 0 0 0 0 1 0 0
1265 2 0 0 1 0 0 1 0 0
1266 1 0 0 0 0 0 0 0 0
1269 2 1 1 1 0 0 1 1 1
1270 2 0 0 1 0 0 1 0 0
1271 1 0 0 0 0 0 0 0 0
1276 3 1 1 1 0 0 0 0 0
1279 2 0 0 0 0 0 0 0 0
1281 2 0 0 0 0 0 0 0 0
1283 2 0 0 1 0 0 0 0 0
1296 3 1 1 1 0 0 0 0 0
1297 11 0 0 6 0 0 2 0 0
1302 1 0 0 0 0 0 1 0 0
1304 1 1 1 0 0 0 1 1 1
1305 1 0 0 0 0 0 1 0 0
1307 2 0 0 1 0 0 0 0 0
1308 2 0 0 0 0 0 1 0 0
1312 2 0 0 1 0 0 0 0 0
1314 2 0 0 0 0 0 0 0 0
1319 2 0 0 0 0 0 1 0 0
1322 4 1 1 0 0 0 1 0 0
1338 3 1 1 0 0 0 1 0 0
1344 9 1 1 1 0 0 2 0 0
1349 2 1 1 1 0 0 1 0 0
1352 4 0 0 1 0 0 2 0 0
1354 1 0 0 0 0 0 1 0 0
1359 2 0 0 1 0 0 0 0 0
1362 3 0 0 2 0 0 1 0 0
1363 4 1 1 1 0 0 1 0 0
1364 2 0 0 0 0 0 1 0 0
1365 1 0 0 0 0 0 1 0 0
1366 1 0 0 1 0 0 0 0 0
1367 1 0 0 1 0 0 0 0 0
1372 2 0 0 1 0 0 0 0 0
1373 3 1 1 1 0 0 1 0 0
1377 1 0 0 1 0 0 0 0 0
1379 2 0 0 1 1 1 0 0 0
1380 1 0 0 0 0 0 1 0 0
1381 2 0 0 1 0 0 1 0 0
1386 3 0 0 0 0 0 0 0 0
1387 6 0 0 1 1 1 0 0 0
1389 2 1 1 1 0 0 1 1 1
1390 2 0 0 1 0 0 1 0 0
1395 2 0 0 1 1 1 0 0 0
1400 3 1 1 1 0 0 0 0 0
1581 3 0 0 1 0 0 0 0 0
1584 2 0 0 1 0 0 1 0 0
1588 3 1 1 1 0 0 0 0 0
1593 2 0 0 1 0 0 1 0 0
1594 1 0 0 0 0 0 1 0 0
1599 3 0 0 1 0 0 0 0 0
1602 2 1 1 0 0 0 0 0 0
1614 3 1 1 2 0 0 0 0 0
1616 1 0 0 0 0 0 0 0 0
1618 3 0 0 1 0 0 0 0 0
1625 11 2 2 0 0 0 3 0 0
1628 5 0 0 0 0 0 0 0 0
1631 12 0 0 0 0 0 2 0 0
1632 2 1 1 1 0 0 0 0 0
1633 3 0 0 1 0 0 0 0 0
1635 6 0 0 0 0 0 1 0 0
1637 4 0 0 0 0 0 0 0 0
1638 2 1 1 1 0 0 0 0 0
1639 3 0 0 0 0 0 1 0 0
1649 5 0 0 0 0 0 1 0 0
1726 4 0 0 2 0 0 0 0 0
1730 8 2 2 0 0 0 0 0 0
1731 1 0 0 0 0 0 0 0 0
1734 3 0 0 0 0 0 1 0 0
1735 1 0 0 1 0 0 0 0 0
1736 2 0 0 0 0 0 0 0 0
1737 2 0 0 0 0 0 0 0 0
1743 5 1 1 0 0 0 0 0 0
1744 8 0 0 0 0 0 1 0 0
1745 4 0 0 0 0 0 0 0 0
1747 2 1 1 1 0 0 0 0 0
1750 15 0 0 2 0 0 0 0 0
1751 20 0 0 10 0 0 0 0 0
1754 3 0 0 2 0 0 1 0 0
1755 3 1 1 1 0 0 0 0 0
1756 1 0 0 0 0 0 1 0 0
1758 11 1 1 0 0 0 0 0 0
1759 13 0 0 5 0 0 0 0 0
1769 2 1 1 0 0 0 1 0 0
1771 2 0 0 1 0 0 1 0 0
1772 2 0 0 1 0 0 0 0 0
1774 2 1 1 0 0 0 1 0 0
1776 3 0 0 0 0 0 0 0 0
1778 3 0 0 1 0 0 0 0 0
1779 1 0 0 1 0 0 0 0 0
1792 2 0 0 0 0 0 0 0 0
1793 2 0 0 0 0 0 1 0 0
1794 3 0 0 1 0 0 0 0 0
1805 4 1 1 0 0 0 1 0 0
1806 1 0 0 0 0 0 1 0 0
1807 4 1 1 0 0 0 1 0 0
1817 2 0 0 1 0 0 1 0 0
1818 2 0 0 1 0 0 0 0 0
1819 2 0 0 0 0 0 2 0 0
1821 2 0 0 1 0 0 0 0 0
1824 1 0 0 0 0 0 1 0 0
1826 2 1 1 1 0 0 0 0 0
2059 3 0 0 1 1 1 0 0 0
2067 1 1 1 1 0 0 0 0 0
2115 2 1 1 0 0 0 1 0 0
2119 4 0 0 2 0 0 2 0 0
2123 2 1 1 1 0 0 1 0 0
2126 2 0 0 0 0 0 0 0 0
2134 2 0 0 0 0 0 0 0 0
2180 3 1 1 1 0 0 0 0 0
2187 1 0 0 1 0 0 0 0 0
2189 11 1 1 1 0 0 1 0 0
2191 15 1 1 1 1 0 0 0 0
2193 15 0 0 10 2 0 0 0 0
2198 10 0 0 10 0 0 0 0 0
2200 12 1 1 0 0 0 0 0 0
2202 1 1 1 0 0 0 1 0 0
2203 1 1 1 1 0 0 0 0 0
2206 5 0 0 5 0 0 0 0 0
2208 15 0 0 0 0 0 0 0 0
2209 32 0 0 8 3 0 4 0 0
2213 17 0 0 6 1 0 0 0 0
2214 3 0 0 0 0 0 1 0 0
2216 4 0 0 0 0 0 0 0 0
2218 2 1 1 0 0 0 1 0 0
2224 2 0 0 1 0 0 0 0 0
2233 4 0 0 2 0 0 0 0 0
2234 1 0 0 1 0 0 0 0 0
2239 2 0 0 1 0 0 1 0 0
2243 2 0 0 1 0 0 0 0 0
2257 3 1 1 2 1 0 0 0 0
2259 4 1 1 1 0 0 0 0 0
2274 5 1 1 0 0 0 0 0 0
2276 1 0 0 1 0 0 0 0 0
2277 5 0 0 1 0 0 1 0 0
2278 4 0 0 0 0 0 0 0 0
2280 3 0 0 1 0 0 0 0 0
2288 1 0 0 0 0 0 1 0 0
2292 3 0 0 1 0 0 0 0 0
2312 3 0 0 0 0 0 1 0 0
2313 1 0 0 0 0 0 1 0 0
2314 1 0 0 0 0 0 1 0 0
2319 1 0 0 0 0 0 1 0 0
2324 8 0 0 7 2 0 0 0 0
2494 2 0 0 1 0 0 1 1 1
2496 1 0 0 0 0 0 0 0 0
2497 1 0 0 0 0 0 0 0 0
2501 7 0 0 1 0 0 1 0 0
2503 15 1 1 0 0 0 3 1 1
2507 103 0 0 21 0 0 0 0 0
2508 19 0 0 0 0 0 0 0 0
2510 4 0 0 0 0 0 0 0 0
2516 14 1 1 2 1 1 0 0 0
2539 6 1 1 0 0 0 1 0 0
2546 6 1 1 0 0 0 1 0 0
2548 3 1 1 0 0 0 1 1 1
2592 6 2 2 0 0 0 1 0 0
2594 3 0 0 0 0 0 1 0 0
2669 3 0 0 1 0 0 0 0 0
2702 3 0 0 1 0 0 0 0 0
fn=do_preload
809 6 1 1 0 0 0 3 0 0
811 1 0 0 0 0 0 1 0 0
815 1 0 0 0 0 0 1 0 0
816 1 0 0 0 0 0 1 0 0
817 1 0 0 0 0 0 1 0 0
819 1 0 0 1 0 0 0 0 0
821 6 1 1 0 0 0 1 0 0
822 2 0 0 1 0 0 0 0 0
832 3 1 1 1 0 0 0 0 0
836 5 0 0 4 0 0 0 0 0
fn=init_tls
722 1 0 0 0 0 0 1 0 0
724 2 0 0 1 0 0 1 0 0
728 2 0 0 1 0 0 0 0 0
729 1 1 1 0 0 0 0 0 0
734 2 1 1 0 0 0 1 0 0
737 1 0 0 0 0 0 1 0 0
738 4 0 0 0 0 0 1 0 0
745 1 0 0 0 0 0 1 0 0
749 2 0 0 1 1 1 0 0 0
750 1 0 0 0 0 0 0 0 0
751 14 1 1 1 0 0 0 0 0
752 5 0 0 5 0 0 0 0 0
753 10 0 0 5 0 0 0 0 0
757 4 0 0 0 0 0 1 0 0
759 1 0 0 0 0 0 0 0 0
761 3 0 0 0 0 0 0 0 0
764 1 1 1 0 0 0 1 0 0
771 2 0 0 0 0 0 1 0 0
772 2 0 0 0 0 0 0 0 0
778 2 0 0 1 0 0 1 0 0
786 7 1 1 0 0 0 2 0 0
790 1 1 1 0 0 0 1 0 0
793 3 0 0 2 0 0 0 0 0
fn=map_doit
630 2 1 1 0 0 0 1 0 0
632 8 1 1 3 0 0 2 0 0
634 2 0 0 2 0 0 0 0 0
fn=rtld_lock_default_lock_recursive
843 8 1 1 8 1 1 0 0 0
fn=rtld_lock_default_unlock_recursive
849 8 1 1 8 0 0 0 0 0
fn=security_init
856 2 0 0 0 0 0 1 0 0
858 1 0 0 1 0 0 0 0 0
860 1 0 0 0 0 0 1 0 0
866 2 0 0 1 0 0 0 0 0
868 1 0 0 1 0 0 0 0 0
871 1 0 0 0 0 0 1 0 0
873 1 0 0 0 0 0 1 0 0
879 1 0 0 0 0 0 1 0 0
880 3 0 0 2 0 0 0 0 0
fn=version_check_doit
662 2 1 1 0 0 0 1 0 0
664 6 0 0 2 0 0 1 0 0
668 2 0 0 2 0 0 0 0 0
fl=/build/buildd/eglibc-2.17/elf/setup-vdso.h
fn=dl_main
24 2 0 0 1 0 0 0 0 0
fl=/build/buildd/eglibc-2.17/io/../sysdeps/unix/syscall-template.S
fn=???
81 2400 1 1 200 0 0 600 0 0
82 200 0 0 200 0 0 0 0 0
fn=__write_nocancel
81 5 0 0 1 0 0 0 0 0
fn=access
81 16 1 1 0 0 0 0 0 0
83 20 1 1 4 0 0 4 1 1
fn=close
81 16 0 0 0 0 0 0 0 0
82 4 0 0 4 0 0 0 0 0
fn=open
81 36 1 1 0 0 0 0 0 0
82 4 0 0 4 0 0 0 0 0
83 25 0 0 5 0 0 5 0 0
fn=read
81 12 1 1 0 0 0 0 0 0
82 3 0 0 3 0 0 0 0 0
fn=write
81 402 1 1 201 0 0 0 0 0
fl=/build/buildd/eglibc-2.17/io/../sysdeps/unix/sysv/linux/wordsize-64/fxstat.c
fn=_fxstat
35 5 0 0 0 0 0 0 0 0
36 10 2 2 0 0 0 0 0 0
37 30 1 1 0 0 0 0 0 0
41 5 0 0 5 0 0 0 0 0
fl=/build/buildd/eglibc-2.17/io/../sysdeps/unix/sysv/linux/wordsize-64/xstat.c
fn=_xstat
35 4 0 0 0 0 0 0 0 0
36 8 1 1 0 0 0 0 0 0
37 36 0 0 3 0 0 3 0 0
41 1 0 0 1 0 0 0 0 0
fl=/build/buildd/eglibc-2.17/libio/../sysdeps/unix/sysv/linux/sys/sysmacros.h
fn=_IO_file_doallocate
46 6 1 1 0 0 0 0 0 0
fl=/build/buildd/eglibc-2.17/libio/filedoalloc.c
fn=_IO_file_doallocate
96 5 1 1 0 0 0 3 0 0
111 8 1 1 3 1 0 1 0 0
113 4 0 0 1 0 0 0 0 0
116 2 0 0 0 0 0 0 0 0
118 2 1 1 1 0 0 0 0 0
121 1 0 0 1 0 0 0 0 0
124 6 1 1 1 0 0 0 0 0
128 8 0 0 0 0 0 1 0 0
129 5 0 0 0 0 0 1 0 0
130 1 0 0 0 0 0 0 0 0
131 5 0 0 4 0 0 0 0 0
fl=/build/buildd/eglibc-2.17/libio/fileops.c
fn=_IO_do_write@@GLIBC_2.2.5
517 404 0 0 0 0 0 202 0 0
519 1611 2 2 0 0 0 201 0 0
520 404 0 0 404 0 0 0 0 0
fn=_IO_file_overflow@@GLIBC_2.2.5
832 872 1 1 0 0 0 654 1 1
833 654 1 1 218 0 0 0 0 0
840 1522 0 0 434 0 0 0 0 0
843 2 1 1 1 0 0 0 0 0
845 2 1 1 0 0 0 1 0 0
846 6 0 0 2 0 0 3 0 0
855 2 0 0 0 0 0 0 0 0
864 4 1 1 2 0 0 0 0 0
866 1 0 0 0 0 0 1 0 0
867 1 0 0 0 0 0 1 0 0
868 1 0 0 0 0 0 1 0 0
869 2 0 0 0 0 0 2 0 0
871 3 0 0 0 0 0 1 0 0
872 6 1 1 1 0 0 0 0 0
873 2 0 0 0 0 0 1 0 0
875 436 0 0 0 0 0 0 0 0
876 402 1 1 0 0 0 0 0 0
877 201 0 0 0 0 0 0 0 0
878 34 0 0 17 0 0 0 0 0
881 51 0 0 0 0 0 34 1 0
882 51 0 0 17 0 0 0 0 0
883 68 0 0 0 0 0 0 0 0
884 4 0 0 0 0 0 1 0 0
885 2 0 0 1 0 0 0 0 0
887 17 0 0 0 0 0 0 0 0
888 671 0 0 671 0 0 0 0 0
fn=_IO_file_setbuf@@GLIBC_2.2.5
469 2 1 1 0 0 0 1 0 0
470 3 0 0 0 0 0 1 0 0
473 2 0 0 0 0 0 2 0 0
474 2 0 0 1 0 0 1 0 0
475 3 0 0 0 0 0 3 0 0
478 3 0 0 2 0 0 0 0 0
fn=_IO_file_stat
1230 1 1 1 0 0 0 0 0 0
1231 3 0 0 1 0 0 0 0 0
fn=_IO_file_sync@@GLIBC_2.2.5
894 2 1 1 0 0 0 1 0 0
899 4 0 0 2 0 0 0 0 0
901 1 1 1 1 0 0 0 0 0
902 2 0 0 1 0 0 0 0 0
919 2 0 0 0 0 0 1 0 0
923 2 0 0 2 0 0 0 0 0
fn=_IO_file_write@@GLIBC_2.2.5
1262 1407 1 1 0 0 0 804 0 0
1265 1407 1 1 0 0 0 0 0 0
1269 603 0 0 201 0 0 0 0 0
1270 603 0 0 201 0 0 201 1 1
1271 402 0 0 0 0 0 0 0 0
1276 201 0 0 0 0 0 0 0 0
1277 201 0 0 0 0 0 0 0 0
1280 603 0 0 201 0 0 0 0 0
1282 402 0 0 0 0 0 0 0 0
1283 2010 1 1 1005 0 0 0 0 0
fn=_IO_file_xsputn@@GLIBC_2.2.5
1290 8407 2 2 0 0 0 6005 1 1
1296 2402 0 0 0 0 0 0 0 0
1297 1201 0 0 0 0 0 0 0 0
1303 6006 0 0 1001 0 0 0 0 0
1305 3000 1 1 2000 1 0 0 0 0
1306 2000 0 0 0 0 0 0 0 0
1309 12940 1 1 0 0 0 0 0 0
1311 13910 0 0 4370 0 0 0 0 0
1313 800 1 1 0 0 0 0 0 0
1320 6 1 1 2 0 0 0 0 0
1324 2600 0 0 0 0 0 0 0 0
1329 5000 0 0 0 0 0 2000 0 0
1334 1000 0 0 0 0 0 0 0 0
1335 3000 0 0 0 0 0 0 0 0
1337 3003 0 0 0 0 0 0 0 0
1341 1206 0 0 402 1 0 201 0 0
1349 402 2 1 402 0 0 0 0 0
1350 1206 0 0 0 0 0 0 0 0
1352 603 0 0 0 0 0 0 0 0
1363 402 0 0 0 0 0 0 0 0
1364 6 0 0 0 0 0 1 0 0
1366 2002 1 1 0 0 0 0 0 0
1367 8407 0 0 7206 0 0 0 0 0
fn=new_do_write
529 1407 1 1 0 0 0 603 1 1
531 402 0 0 201 0 0 0 0 0
538 804 1 1 402 0 0 0 0 0
546 1206 1 1 402 0 0 201 0 0
547 603 0 0 201 0 0 0 0 0
549 804 0 0 201 0 0 603 0 0
550 402 0 0 0 0 0 402 0 0
551 201 0 0 0 0 0 201 0 0
552 402 0 0 201 0 0 0 0 0
553 603 0 0 201 0 0 0 0 0
555 1206 0 0 804 0 0 0 0 0
fl=/build/buildd/eglibc-2.17/libio/genops.c
fn=_IO_cleanup
947 13 1 1 4 0 0 0 0 0
949 12 0 0 3 0 0 0 0 0
950 4 0 0 0 0 0 0 0 0
951 2 0 0 0 0 0 0 0 0
953 3 0 0 1 0 0 0 0 0
959 17 1 1 6 0 0 2 0 0
967 5 0 0 2 0 0 0 0 0
969 2 1 1 0 0 0 1 0 0
971 2 0 0 1 0 0 1 0 0
972 1 0 0 0 0 0 1 0 0
973 2 0 0 1 0 0 1 0 0
974 4 0 0 1 0 0 1 0 0
977 5 0 0 2 0 0 1 0 0
980 5 1 1 1 0 0 0 0 0
981 9 1 1 4 0 0 1 0 0
987 3 1 1 0 0 0 3 0 0
1007 6 1 1 0 0 0 5 0 0
1010 3 1 1 0 0 0 1 0 0
1022 7 0 0 6 0 0 0 0 0
fn=_IO_default_setbuf
401 5 0 0 1 0 0 0 0 0
403 1 0 0 0 0 0 1 0 0
404 1 0 0 0 0 0 1 0 0
408 1 0 0 1 0 0 0 0 0
558 7 1 1 0 0 0 3 0 0
559 4 0 0 2 0 0 1 0 0
561 2 0 0 0 0 0 0 0 0
563 2 0 0 0 0 0 1 0 0
564 2 0 0 0 0 0 0 0 0
568 2 1 1 1 0 0 0 0 0
571 3 1 1 0 0 0 3 0 0
572 3 0 0 0 0 0 3 0 0
574 6 0 0 4 0 0 0 0 0
fn=_IO_default_xsputn
448 6 1 1 0 0 0 5 0 0
451 6 0 0 0 0 0 0 0 0
452 1 0 0 0 0 0 0 0 0
456 68 1 1 34 0 0 0 0 0
481 146 1 1 48 0 0 16 0 0
483 16 0 0 0 0 0 0 0 0
484 16 0 0 0 0 0 0 0 0
485 2 1 1 0 0 0 0 0 0
486 6 0 0 6 0 0 0 0 0
fn=_IO_doallocbuf
415 5 1 1 0 0 0 3 0 0
416 2 0 0 1 0 0 0 0 0
418 2 1 1 1 0 0 0 0 0
419 5 0 0 2 1 0 1 0 0
422 5 0 0 4 0 0 0 0 0
fn=_IO_flush_all_lockp
819 8 1 1 0 0 0 6 0 0
825 3 0 0 0 0 0 0 0 0
830 1 0 0 1 1 1 0 0 0
831 1 1 1 1 1 0 0 0 0
832 9 1 1 0 0 0 0 0 0
834 3 0 0 0 0 0 3 0 0
835 6 0 0 0 0 0 0 0 0
836 2 0 0 1 0 0 0 0 0
838 21 3 3 9 4 2 0 0 0
848 6 0 0 0 0 0 0 0 0
850 3 1 1 0 0 0 3 0 0
852 9 1 1 3 0 0 0 0 0
859 3 0 0 3 2 0 0 0 0
863 2 0 0 0 0 0 0 0 0
865 2 0 0 0 0 0 0 0 0
869 9 0 0 7 0 0 0 0 0
fn=_IO_setb
400 5 1 1 0 0 0 2 0 0
401 4 0 0 2 0 0 0 0 0
403 1 0 0 0 0 0 1 0 0
404 1 1 1 0 0 0 1 0 0
406 5 0 0 0 0 0 0 0 0
409 5 0 0 3 0 0 1 0 0
fn=__overflow
242 3 1 1 1 0 0 0 0 0
244 3 0 0 2 0 0 0 0 0
fl=/build/buildd/eglibc-2.17/libio/ioputs.c
fn=puts
34 4 1 1 0 0 0 3 0 0
36 2 0 0 0 0 0 1 0 0
37 18 1 1 10 3 2 1 0 0
40 4 1 1 1 1 0 1 0 0
41 6 0 0 2 1 0 1 0 0
42 9 2 2 3 0 0 1 0 0
43 4 1 1 0 0 0 0 0 0
47 5 0 0 4 0 0 0 0 0
fl=/build/buildd/eglibc-2.17/libio/libioP.h
fn=puts
904 2 0 0 1 0 0 0 0 0
905 8 0 0 4 0 0 1 0 0
fl=/build/buildd/eglibc-2.17/malloc/arena.c
fn=arena_get2.isra.4.part.5
720 8 1 1 2 0 0 2 1 1
722 4 0 0 0 0 0 0 0 0
730 6 0 0 0 0 0 2 0 0
733 6 0 0 2 0 0 4 2 2
734 2 0 0 2 0 0 0 0 0
737 2 0 0 0 0 0 0 0 0
738 2 0 0 0 0 0 0 0 0
739 4 0 0 0 0 0 0 0 0
740 4 1 1 0 0 0 0 0 0
741 2 0 0 0 0 0 2 2 2
742 8 0 0 0 0 0 2 0 0
744 4 0 0 2 0 0 2 0 0
745 2 0 0 0 0 0 2 0 0
746 18 1 1 4 0 0 0 0 0
749 14 0 0 4 0 0 0 0 0
753 4 1 1 2 0 0 2 0 0
755 2 0 0 0 0 0 2 0 0
758 10 0 0 6 0 0 0 0 0
831 2 1 1 0 0 0 0 0 0
842 6 0 0 2 1 1 0 0 0
844 6 0 0 2 0 0 0 0 0
846 6 1 1 4 0 0 0 0 0
867 6 1 1 0 0 0 0 0 0
869 14 2 2 4 0 0 0 0 0
872 4 1 1 0 0 0 0 0 0
925 6 1 1 2 0 0 0 0 0
fn=get_free_list
770 2 1 1 0 0 0 0 0 0
772 4 1 1 2 1 1 0 0 0
789 4 0 0 2 0 0 0 0 0
fn=malloc
838 4 0 0 0 0 0 2 0 0
839 10 0 0 0 0 0 2 0 0
fn=malloc_hook_ini
376 3 1 1 1 1 1 0 0 0
fn=new_heap
528 6 0 0 0 0 0 6 0 0
529 6 1 1 4 0 0 0 0 0
534 6 0 0 0 0 0 0 0 0
536 4 1 1 0 0 0 0 0 0
542 6 0 0 0 0 0 0 0 0
549 6 0 0 2 0 0 0 0 0
559 14 1 1 0 0 0 2 0 0
560 4 0 0 0 0 0 0 0 0
561 4 0 0 0 0 0 0 0 0
564 6 1 1 0 0 0 0 0 0
565 5 1 1 0 0 0 1 0 0
567 2 0 0 0 0 0 1 0 0
568 8 0 0 0 0 0 2 0 0
581 12 1 1 0 0 0 2 0 0
586 2 0 0 0 0 0 2 2 2
587 2 0 0 0 0 0 2 0 0
590 10 0 0 8 0 0 0 0 0
fn=ptmalloc_init.part.8
337 183 1 1 61 9 0 0 0 0
339 120 0 0 60 32 0 0 0 0
340 2 0 0 1 0 0 0 0 0
341 2 0 0 1 0 0 0 0 0
355 60 0 0 0 0 0 0 0 0
374 6 1 1 0 0 0 5 0 0
377 1 0 0 0 0 0 1 0 0
385 2 0 0 1 0 0 0 0 0
386 7 2 2 0 0 0 1 0 0
387 4 0 0 2 0 0 0 0 0
392 3 1 1 1 1 0 1 1 0
393 12 1 1 2 2 0 6 2 2
395 5 0 0 2 1 0 0 0 0
411 2 0 0 0 0 0 0 0 0
460 2 0 0 0 0 0 0 0 0
465 2 0 0 2 1 1 0 0 0
466 2 0 0 0 0 0 0 0 0
468 1 0 0 0 0 0 1 1 0
469 7 0 0 6 1 0 0 0 0
fl=/build/buildd/eglibc-2.17/malloc/hooks.c
fn=malloc_hook_ini
29 4 1 1 1 0 0 2 0 0
30 2 0 0 1 0 0 1 0 0
32 1 0 0 0 0 0 0 0 0
33 1 0 0 0 0 0 0 0 0
fl=/build/buildd/eglibc-2.17/malloc/malloc.c
fn=_int_free
3732 900 1 1 0 0 0 700 0 0
3745 300 1 1 100 0 0 0 0 0
3751 400 0 0 0 0 0 0 0 0
3752 200 0 0 0 0 0 0 0 0
3763 400 0 0 0 0 0 0 0 0
3776 300 0 0 100 0 0 0 0 0
3787 400 1 1 100 0 0 0 0 0
3788 300 0 0 100 0 0 0 0 0
3812 300 0 0 100 0 0 0 0 0
3815 300 0 0 300 0 0 0 0 0
3816 200 1 1 0 0 0 0 0 0
3817 200 0 0 0 0 0 0 0 0
3820 100 0 0 100 0 0 0 0 0
3821 200 0 0 0 0 0 0 0 0
3826 200 0 0 0 0 0 0 0 0
3831 200 0 0 0 0 0 0 0 0
3832 294 0 0 98 0 0 0 0 0
3833 100 1 1 0 0 0 100 0 0
3835 600 0 0 200 0 0 0 0 0
3837 396 0 0 0 0 0 0 0 0
4003 800 0 0 700 0 0 0 0 0
fn=_int_malloc
2269 8 2 2 2 2 0 2 0 0
2270 2 1 1 0 0 0 0 0 0
2280 2 0 0 1 1 1 0 0 0
2357 1 0 0 0 0 0 0 0 0
2366 4 2 2 0 0 0 0 0 0
2375 3 1 1 0 0 0 0 0 0
2426 2 1 1 1 0 0 0 0 0
2435 5 0 0 1 0 0 0 0 0
2445 7 0 0 2 0 0 1 0 0
2453 2 1 1 0 0 0 0 0 0
2454 7 0 0 3 1 0 3 0 0
2456 5 0 0 2 0 0 0 0 0
2458 2 0 0 2 1 1 0 0 0
2459 2 0 0 0 0 0 0 0 0
2476 2 1 1 0 0 0 0 0 0
2502 2 0 0 1 1 1 0 0 0
2503 1 0 0 0 0 0 1 0 0
2504 4 1 1 1 0 0 1 0 0
2510 2 0 0 0 0 0 0 0 0
2513 8 2 2 1 0 0 0 0 0
2553 6 1 1 0 0 0 0 0 0
2572 1 0 0 0 0 0 0 0 0
2575 2 0 0 0 0 0 0 0 0
2576 7 1 1 2 0 0 0 0 0
2578 2 0 0 0 0 0 0 0 0
2579 5 0 0 2 0 0 3 0 0
2591 4 0 0 2 0 0 0 0 0
2596 2 1 1 2 0 0 0 0 0
2597 3 0 0 1 0 0 0 0 0
2631 1 0 0 0 0 0 1 0 0
2632 4 0 0 0 0 0 1 1 1
2633 2 0 0 0 0 0 1 0 0
2644 2 0 0 0 0 0 0 0 0
2666 2 1 1 0 0 0 0 0 0
2677 2 1 1 1 1 0 0 0 0
2678 1 0 0 0 0 0 1 0 0
2683 2 0 0 1 0 0 0 0 0
2686 2 1 1 1 0 0 0 0 0
2687 1 0 0 0 0 0 0 0 0
2688 1 0 0 0 0 0 0 0 0
2689 1 0 0 0 0 0 1 0 0
2690 8 0 0 0 0 0 1 0 0
2691 2 0 0 0 0 0 1 1 1
2693 1 0 0 0 0 0 0 0 0
3241 1648 1 1 0 0 0 1236 0 0
3271 1854 1 1 0 0 0 0 0 0
3279 412 0 0 206 0 0 0 0 0
3280 609 0 0 0 0 0 0 0 0
3281 609 0 0 0 0 0 0 0 0
3282 203 0 0 203 0 0 0 0 0
3286 406 1 1 0 0 0 0 0 0
3315 412 1 1 0 0 0 0 0 0
3316 412 0 0 0 0 0 0 0 0
3317 412 0 0 0 0 0 0 0 0
3319 618 0 0 206 1 1 0 0 0
3320 2 0 0 0 0 0 0 0 0
3358 4 1 1 1 0 0 2 0 0
3377 1030 2 2 206 0 0 0 0 0
3396 1030 0 0 0 0 0 206 0 0
3505 412 2 2 0 0 0 0 0 0
3576 206 0 0 0 0 0 0 0 0
3577 412 0 0 0 0 0 0 0 0
3578 412 0 0 0 0 0 0 0 0
3579 618 0 0 206 0 0 0 0 0
3580 412 0 0 0 0 0 0 0 0
3585 1030 0 0 0 0 0 0 0 0
3587 2472 1 1 0 0 0 0 0 0
3589 2472 0 0 618 0 0 0 0 0
3685 206 1 1 206 0 0 0 0 0
3686 618 0 0 206 0 0 0 0 0
3688 412 0 0 206 0 0 0 0 0
3689 205 0 0 0 0 0 0 0 0
3690 410 0 0 0 0 0 0 0 0
3691 205 0 0 0 0 0 205 0 0
3692 1845 1 1 0 0 0 205 0 0
3694 410 0 0 0 0 0 205 103 103
3697 205 0 0 0 0 0 0 0 0
3698 615 0 0 205 0 0 0 0 0
3705 2 1 1 1 0 0 0 0 0
3709 618 0 0 0 0 0 206 2 2
3711 5356 1 1 0 0 0 2060 1 1
3719 5 0 0 1 0 0 0 0 0
3724 1854 1 1 1442 0 0 0 0 0
4898 618 1 1 0 0 0 206 0 0
fn=arena_get2.isra.4.part.5
1811 508 0 0 0 0 0 0 0 0
1812 508 0 0 0 0 0 0 0 0
1813 508 0 0 0 0 0 508 64 64
1817 6 1 1 0 0 0 0 0 0
1819 4 0 0 2 0 0 0 0 0
1822 4 0 0 0 0 0 2 0 0
fn=calloc
3115 12 0 0 0 0 0 10 0 0
3125 4 0 0 0 0 0 0 0 0
3128 10 2 2 0 0 0 0 0 0
3136 4 0 0 4 0 0 0 0 0
3137 4 0 0 0 0 0 0 0 0
3147 22 1 1 8 0 0 0 0 0
3154 2 0 0 2 0 0 0 0 0
3155 4 0 0 2 0 0 0 0 0
3162 6 0 0 0 0 0 0 0 0
3169 8 1 1 0 0 0 2 0 0
3172 20 1 1 2 0 0 0 0 0
3183 10 0 0 6 0 0 0 0 0
3184 2 0 0 0 0 0 0 0 0
3187 6 0 0 2 0 0 0 0 0
3194 2 0 0 0 0 0 0 0 0
3197 16 2 2 2 0 0 0 0 0
3207 2 0 0 0 0 0 0 0 0
3208 4 1 1 0 0 0 0 0 0
3209 4 0 0 0 0 0 0 0 0
3211 4 0 0 0 0 0 0 0 0
3212 8 0 0 0 0 0 2 0 0
3233 16 0 0 12 0 0 0 0 0
fn=free
2796 402 1 1 402 0 0 0 0 0
2881 1004 1 1 1004 1 0 0 0 0
2882 1004 1 1 0 0 0 0 0 0
2887 1004 0 0 0 0 0 0 0 0
2890 100 0 0 0 0 0 0 0 0
2892 300 0 0 100 0 0 0 0 0
2906 597 0 0 99 1 0 0 0 0
2907 200 0 0 0 0 0 0 0 0
fn=malloc
2845 820 1 1 0 0 0 410 0 0
2850 410 0 0 410 2 0 0 0 0
2851 410 0 0 0 0 0 0 0 0
2852 2 1 1 1 0 0 0 0 0
2854 408 1 1 408 0 0 0 0 0
2856 1819 0 0 404 3 1 0 0 0
2857 6 1 1 0 0 0 0 0 0
2859 816 0 0 0 0 0 204 0 0
2860 408 1 1 0 0 0 0 0 0
2867 1017 0 0 609 0 0 0 0 0
2868 2432 1 1 404 0 0 0 0 0
2871 1023 0 0 615 0 0 0 0 0
fn=malloc_consolidate
1811 254 0 0 0 0 0 0 0 0
1812 254 0 0 0 0 0 0 0 0
1813 254 1 1 0 0 0 254 32 31
1817 3 0 0 0 0 0 0 0 0
1821 3 1 1 1 0 0 1 0 0
1822 2 0 0 0 0 0 1 0 0
1824 2 0 0 0 0 0 1 0 0
4020 8 2 2 0 0 0 6 1 0
4042 4 1 1 1 0 0 0 0 0
4115 8 0 0 7 0 0 0 0 0
fl=/build/buildd/eglibc-2.17/malloc/morecore.c
fn=__default_morecore
47 2 1 1 0 0 0 0 0 0
48 2 0 0 0 0 0 2 0 0
50 6 0 0 0 0 0 0 0 0
52 4 0 0 2 0 0 0 0 0
fl=/build/buildd/eglibc-2.17/misc/../sysdeps/unix/syscall-template.S
fn=madvise
81 8 1 1 0 0 0 0 0 0
82 2 0 0 2 0 0 0 0 0
fn=mmap
81 85 4 4 0 0 0 0 0 0
82 17 0 0 17 0 0 0 0 0
fn=mprotect
81 48 2 2 0 0 0 0 0 0
82 12 0 0 12 0 0 0 0 0
fn=munmap
81 16 0 0 0 0 0 0 0 0
82 4 0 0 4 0 0 0 0 0
fl=/build/buildd/eglibc-2.17/misc/../sysdeps/unix/sysv/linux/getpagesize.c
fn=getpagesize
30 16 1 1 8 0 0 0 0 0
32 4 0 0 4 0 0 0 0 0
fl=/build/buildd/eglibc-2.17/misc/../sysdeps/unix/sysv/linux/x86_64/brk.c
fn=brk
28 2 1 1 0 0 0 0 0 0
31 14 0 0 2 0 0 2 0 0
33 4 0 0 0 0 0 0 0 0
39 2 0 0 0 0 0 0 0 0
40 2 0 0 2 0 0 0 0 0
fl=/build/buildd/eglibc-2.17/misc/../sysdeps/unix/sysv/linux/x86_64/clone.S
fn=clone
57 2 1 1 0 0 0 0 0 0
58 2 0 0 0 0 0 0 0 0
59 2 0 0 0 0 0 0 0 0
60 2 0 0 0 0 0 0 0 0
61 2 1 1 0 0 0 0 0 0
64 2 0 0 0 0 0 0 0 0
65 2 0 0 0 0 0 2 2 2
69 2 0 0 0 0 0 2 0 0
72 2 0 0 0 0 0 0 0 0
73 2 0 0 0 0 0 0 0 0
74 2 0 0 0 0 0 0 0 0
75 2 0 0 2 0 0 0 0 0
76 2 0 0 0 0 0 0 0 0
81 2 0 0 0 0 0 0 0 0
83 4 0 0 0 0 0 0 0 0
84 4 0 0 0 0 0 0 0 0
85 4 0 0 0 0 0 0 0 0
87 2 0 0 2 0 0 0 0 0
95 2 0 0 0 0 0 0 0 0
98 2 0 0 0 0 0 0 0 0
99 2 0 0 0 0 0 0 0 0
111 2 1 1 2 0 0 0 0 0
112 2 0 0 2 0 0 0 0 0
113 2 0 0 0 0 0 2 0 0
fl=/build/buildd/eglibc-2.17/misc/init-misc.c
fn=__init_misc
30 4 1 1 0 0 0 2 0 0
31 5 0 0 1 0 0 0 0 0
33 3 0 0 0 0 0 1 0 0
37 5 1 1 1 1 0 1 1 0
38 3 0 0 2 0 0 1 0 0
40 4 0 0 3 0 0 0 0 0
fl=/build/buildd/eglibc-2.17/misc/sbrk.c
fn=sbrk
34 10 1 1 0 0 0 6 0 0
42 11 0 0 5 3 1 0 0 0
43 6 1 1 1 0 0 1 0 0
46 4 0 0 0 0 0 0 0 0
50 4 0 0 0 0 0 0 0 0
53 3 0 0 0 0 0 1 0 0
57 12 0 0 8 0 0 0 0 0
fl=/build/buildd/eglibc-2.17/nptl/../nptl/sysdeps/pthread/createthread.c
fn=do_clone.constprop.4
50 14 2 2 0 0 0 6 0 0
58 8 0 0 0 0 0 0 0 0
72 2 0 0 4 0 0 0 0 0
74 18 1 1 0 0 0 4 0 0
77 4 0 0 0 0 0 0 0 0
95 4 0 0 0 0 0 0 0 0
139 2 0 0 0 0 0 2 0 0
141 2 0 0 0 0 0 0 0 0
142 10 0 0 8 0 0 0 0 0
fn=pthread_create@@GLIBC_2.2.5
150 4 0 0 2 0 0 0 0 0
185 8 0 0 2 0 0 0 0 0
237 6 1 1 2 0 0 0 0 0
238 18 1 1 2 0 0 0 0 0
239 2 0 0 0 0 0 0 0 0
240 2 0 0 0 0 0 2 0 0
241 4 0 0 2 0 0 2 0 0
244 8 0 0 0 0 0 2 0 0
247 8 0 0 0 0 0 0 0 0
fl=/build/buildd/eglibc-2.17/nptl/../nptl/sysdeps/pthread/list.h
fn=__deallocate_stack
60 4 1 1 2 0 0 2 0 0
61 4 0 0 0 0 0 2 0 0
62 2 0 0 0 0 0 2 0 0
64 2 0 0 0 0 0 2 0 0
72 6 0 0 4 0 0 2 1 0
73 4 1 1 2 0 0 2 0 0
fn=__pthread_initialize_minimal
60 2 1 1 0 0 0 1 0 0
61 1 0 0 0 0 0 1 0 0
62 1 0 0 0 0 0 1 0 0
64 1 0 0 0 0 0 1 0 0
fn=pthread_create@@GLIBC_2.2.5
60 4 0 0 2 1 0 2 0 0
61 4 1 1 0 0 0 2 0 0
62 4 0 0 2 0 0 2 0 0
64 2 0 0 0 0 0 2 0 0
fl=/build/buildd/eglibc-2.17/nptl/../nptl/sysdeps/unix/sysv/linux/libc_pthread_init.c
fn=__libc_pthread_init
42 2 1 1 0 0 0 1 0 0
44 1 0 0 0 0 0 1 1 1
47 6 0 0 0 0 0 1 0 0
66 164 1 1 0 0 0 0 0 0
68 54 0 0 54 0 0 0 0 0
69 108 0 0 54 0 0 0 0 0
70 54 0 0 0 0 0 54 7 7
72 1 0 0 0 0 0 1 0 0
78 3 0 0 2 0 0 0 0 0
fl=/build/buildd/eglibc-2.17/nptl/../nptl/sysdeps/unix/sysv/linux/register-atfork.c
fn=__linkin_atfork
116 2 1 1 1 1 0 1 0 0
117 2 0 0 0 0 0 0 0 0
118 4 1 1 2 1 0 0 0 0
119 1 0 0 1 0 0 0 0 0
fn=__register_atfork
44 1 0 0 0 0 0 0 0 0
51 2 0 0 0 0 0 0 0 0
52 3 1 1 1 1 1 0 0 0
71 3 0 0 0 0 0 0 0 0
72 1 0 0 0 0 0 1 0 0
73 1 0 0 0 0 0 1 0 0
81 1 0 0 0 0 0 0 0 0
86 7 1 1 0 0 0 3 0 0
88 6 1 1 2 2 2 0 0 0
95 1 0 0 0 0 0 1 0 0
96 1 0 0 0 0 0 1 0 0
97 1 0 0 0 0 0 1 0 0
98 2 0 0 0 0 0 1 0 0
104 4 1 1 2 0 0 0 0 0
106 3 0 0 0 0 0 0 0 0
107 5 0 0 4 0 0 0 0 0
116 2 1 1 1 0 0 1 0 0
117 2 0 0 0 0 0 0 0 0
118 4 0 0 2 0 0 0 0 0
fl=/build/buildd/eglibc-2.17/nptl/../nptl/sysdeps/unix/sysv/linux/unregister-atfork.c
fn=__unregister_atfork
28 4 0 0 0 0 0 2 0 0
36 2 1 1 2 1 0 0 0 0
39 12 0 0 0 0 0 0 0 0
40 12 0 0 4 1 0 0 0 0
45 4 1 1 4 1 0 0 0 0
121 4 0 0 4 0 0 0 0 0
fl=/build/buildd/eglibc-2.17/nptl/../nptl/sysdeps/unix/sysv/linux/x86_64/cancellation.S
fn=__libc_disable_asynccancel
90 200 1 1 0 0 0 0 0 0
91 200 0 0 0 0 0 0 0 0
93 200 0 0 200 0 0 0 0 0
94 200 0 0 0 0 0 0 0 0
95 200 0 0 0 0 0 0 0 0
96 200 1 1 200 0 0 0 0 0
98 200 0 0 0 0 0 0 0 0
100 200 0 0 0 0 0 0 0 0
101 200 0 0 0 0 0 0 0 0
102 200 0 0 0 0 0 0 0 0
103 200 0 0 0 0 0 0 0 0
104 200 0 0 200 0 0 0 0 0
fn=__libc_enable_asynccancel
57 200 1 1 200 0 0 0 0 0
58 200 0 0 0 0 0 0 0 0
59 200 0 0 0 0 0 0 0 0
60 200 0 0 0 0 0 0 0 0
61 200 0 0 0 0 0 0 0 0
63 200 0 0 200 0 0 0 0 0
65 200 0 0 0 0 0 0 0 0
67 200 0 0 0 0 0 0 0 0
68 200 0 0 0 0 0 0 0 0
69 200 0 0 0 0 0 0 0 0
71 200 0 0 200 0 0 0 0 0
fn=__pthread_disable_asynccancel
90 2 1 1 0 0 0 0 0 0
91 2 0 0 0 0 0 0 0 0
93 2 0 0 2 0 0 0 0 0
94 2 0 0 0 0 0 0 0 0
95 2 0 0 0 0 0 0 0 0
96 2 0 0 2 0 0 0 0 0
98 2 0 0 0 0 0 0 0 0
100 2 0 0 0 0 0 0 0 0
101 2 0 0 0 0 0 0 0 0
102 2 0 0 0 0 0 0 0 0
103 2 0 0 0 0 0 0 0 0
104 2 0 0 2 0 0 0 0 0
fn=__pthread_enable_asynccancel
57 2 1 1 2 0 0 0 0 0
58 2 0 0 0 0 0 0 0 0
59 2 0 0 0 0 0 0 0 0
60 2 0 0 0 0 0 0 0 0
61 2 0 0 0 0 0 0 0 0
63 2 0 0 2 0 0 0 0 0
65 2 1 1 0 0 0 0 0 0
67 2 0 0 0 0 0 0 0 0
68 2 0 0 0 0 0 0 0 0
69 2 0 0 0 0 0 0 0 0
71 2 0 0 2 0 0 0 0 0
fl=/build/buildd/eglibc-2.17/nptl/../nptl/sysdeps/unix/sysv/linux/x86_64/lowlevellock.S
fn=__lll_lock_wait_private
78 1 1 1 0 0 0 1 0 0
80 1 0 0 0 0 0 1 0 0
84 1 0 0 0 0 0 0 0 0
85 1 0 0 0 0 0 0 0 0
86 1 0 0 0 0 0 0 0 0
88 1 1 1 0 0 0 0 0 0
89 1 0 0 0 0 0 0 0 0
92 100 0 0 0 0 0 0 0 0
93 100 0 0 0 0 0 0 0 0
95 101 0 0 0 0 0 0 0 0
96 101 0 0 202 0 0 0 0 0
98 101 0 0 0 0 0 0 0 0
99 101 0 0 0 0 0 0 0 0
101 1 0 0 1 0 0 0 0 0
104 1 0 0 1 0 0 0 0 0
107 1 0 0 1 0 0 0 0 0
fn=__lll_unlock_wake_private
328 101 0 0 0 0 0 101 0 0
330 101 0 0 0 0 0 101 0 0
335 101 0 0 0 0 0 101 0 0
336 101 0 0 0 0 0 0 0 0
337 101 0 0 0 0 0 0 0 0
338 101 0 0 0 0 0 0 0 0
339 101 0 0 0 0 0 0 0 0
341 101 0 0 101 0 0 0 0 0
344 101 0 0 101 0 0 0 0 0
347 101 0 0 101 0 0 0 0 0
fl=/build/buildd/eglibc-2.17/nptl/../sysdeps/unix/sysv/linux/bits/sigset.h
fn=__pthread_initialize_minimal
118 2 0 0 1 0 0 0 0 0
fl=/build/buildd/eglibc-2.17/nptl/../sysdeps/unix/sysv/linux/x86_64/sigaction.c
fn=__libc_sigaction
49 4 1 1 0 0 0 0 0 0
53 4 0 0 0 0 0 0 0 0
55 4 0 0 2 0 0 2 0 0
56 64 3 3 32 0 0 32 1 0
57 8 0 0 2 0 0 2 0 0
59 4 0 0 0 0 0 2 0 0
66 30 1 1 0 0 0 0 0 0
67 8 0 0 0 0 0 0 0 0
75 4 1 1 2 0 0 0 0 0
fl=/build/buildd/eglibc-2.17/nptl/allocatestack.c
fn=__deallocate_stack
139 2 0 0 0 0 0 2 0 0
147 2 0 0 0 0 0 2 0 0
154 6 0 0 0 0 0 2 0 0
162 2 0 0 0 0 0 2 0 0
308 6 0 0 4 0 0 2 0 0
309 4 0 0 0 0 0 0 0 0
749 4 1 1 0 0 0 0 0 0
750 8 0 0 2 1 0 0 0 0
754 2 0 0 0 0 0 0 0 0
760 4 0 0 2 0 0 0 0 0
766 4 0 0 4 0 0 0 0 0
767 4 0 0 2 0 0 0 0 0
fn=pthread_create@@GLIBC_2.2.5
154 4 0 0 0 0 0 2 0 0
162 2 0 0 0 0 0 2 0 0
179 6 0 0 2 1 1 0 0 0
187 8 1 1 2 1 0 0 0 0
212 4 2 2 4 0 0 0 0 0
349 6 0 0 0 0 0 2 0 0
353 6 1 1 0 0 0 0 0 0
358 8 0 0 4 2 1 0 0 0
361 6 0 0 2 0 0 0 0 0
465 22 1 1 4 1 0 2 0 0
476 4 0 0 2 1 0 0 0 0
477 4 0 0 0 0 0 0 0 0
481 12 1 1 2 0 0 2 0 0
482 4 0 0 0 0 0 0 0 0
483 6 0 0 2 0 0 0 0 0
484 2 0 0 0 0 0 0 0 0
499 8 0 0 0 0 0 2 0 0
503 16 0 0 4 0 0 4 0 0
506 4 0 0 0 0 0 0 0 0
511 4 1 1 2 0 0 0 0 0
538 6 0 0 4 0 0 0 0 0
547 2 0 0 0 0 0 2 0 0
548 2 0 0 0 0 0 2 2 2
553 4 0 0 0 0 0 2 2 2
556 2 0 0 0 0 0 2 2 2
558 6 1 1 2 0 0 4 0 0
573 2 0 0 0 0 0 2 2 2
576 4 0 0 2 0 0 2 2 2
579 8 0 0 0 0 0 2 0 0
592 8 1 1 2 0 0 0 0 0
595 4 0 0 0 0 0 2 0 0
597 4 0 0 4 0 0 0 0 0
604 4 0 0 2 0 0 0 0 0
631 6 1 1 4 0 0 0 0 0
640 12 2 2 4 0 0 2 0 0
663 6 0 0 2 0 0 2 0 0
701 4 1 1 2 0 0 2 0 0
706 2 0 0 0 0 0 2 0 0
711 2 0 0 0 0 0 2 0 0
714 2 0 0 0 0 0 2 0 0
716 4 0 0 0 0 0 2 0 0
718 2 1 1 0 0 0 2 0 0
725 6 0 0 2 0 0 0 0 0
fl=/build/buildd/eglibc-2.17/nptl/cleanup_compat.c
fn=_pthread_cleanup_pop
47 4 0 0 2 0 0 2 0 0
51 6 0 0 2 0 0 0 0 0
fn=_pthread_cleanup_push
31 2 1 1 0 0 0 2 0 0
32 2 0 0 0 0 0 2 0 0
33 4 0 0 2 0 0 2 0 0
35 4 0 0 2 0 0 2 0 0
fl=/build/buildd/eglibc-2.17/nptl/cleanup_defer_compat.c
fn=_pthread_cleanup_pop_restore
68 400 1 1 200 0 0 200 0 0
71 600 0 0 200 0 0 0 0 0
94 600 0 0 200 0 0 0 0 0
fn=_pthread_cleanup_push_defer
30 200 1 1 0 0 0 200 1 1
31 200 0 0 0 0 0 200 0 0
32 400 0 0 200 0 0 200 0 0
34 200 0 0 200 0 0 0 0 0
37 600 1 1 0 0 0 0 0 0
52 200 0 0 0 0 0 200 0 0
54 600 0 0 0 0 0 0 0 0
56 400 0 0 200 0 0 200 0 0
fl=/build/buildd/eglibc-2.17/nptl/nptl-init.c
fn=__pthread_initialize_minimal
281 4 1 1 0 0 0 3 0 0
295 1 0 0 1 0 0 0 0 0
297 5 0 0 0 0 0 2 1 0
298 2 0 0 0 0 0 1 1 0
299 1 1 1 0 0 0 1 1 0
303 3 0 0 2 0 0 1 0 0
308 2 1 1 0 0 0 1 0 0
310 1 0 0 0 0 0 1 0 0
312 1 0 0 0 0 0 1 0 0
316 3 0 0 0 0 0 0 0 0
340 1 0 0 0 0 0 1 1 0
346 1 0 0 0 0 0 1 0 0
348 7 0 0 0 0 0 0 0 0
349 2 0 0 0 0 0 0 0 0
350 2 1 1 0 0 0 0 0 0
351 2 0 0 1 0 0 1 1 1
358 3 0 0 2 1 0 1 1 0
361 2 0 0 0 0 0 1 1 1
362 1 0 0 0 0 0 0 0 0
366 2 0 0 1 1 0 1 0 0
372 2 0 0 0 0 0 1 1 1
373 1 0 0 0 0 0 1 0 0
374 21 0 0 0 0 0 16 0 0
376 4 1 1 0 0 0 1 0 0
379 2 1 1 0 0 0 1 0 0
380 1 0 0 0 0 0 1 0 0
382 4 0 0 0 0 0 1 0 0
390 6 0 0 0 0 0 0 0 0
395 3 1 1 0 0 0 1 0 0
398 3 0 0 1 0 0 0 0 0
400 3 1 1 0 0 0 1 1 1
402 6 1 1 1 0 0 1 0 0
407 5 0 0 0 0 0 1 0 0
408 3 1 1 1 0 0 0 0 0
412 1 0 0 0 0 0 0 0 0
415 3 0 0 0 0 0 0 0 0
419 2 0 0 2 0 0 0 0 0
420 3 1 1 1 0 0 0 0 0
425 6 0 0 0 0 0 1 0 0
426 1 0 0 0 0 0 1 0 0
430 5 0 0 2 0 0 3 0 0
431 2 1 1 1 0 0 1 0 0
435 2 0 0 0 0 0 1 0 0
436 2 0 0 0 0 0 1 1 0
437 1 0 0 1 1 0 0 0 0
438 1 0 0 0 0 0 1 0 0
439 2 0 0 0 0 0 0 0 0
440 1 0 0 0 0 0 0 0 0
442 2 1 1 0 0 0 1 0 0
445 2 0 0 0 0 0 1 1 0
447 2 0 0 0 0 0 1 0 0
451 1 0 0 0 0 0 1 0 0
453 4 0 0 0 0 0 1 0 0
457 1 0 0 0 0 0 1 0 0
458 5 0 0 4 0 0 0 0 0
fl=/build/buildd/eglibc-2.17/nptl/pthread_cond_init.c
fn=pthread_cond_init@@GLIBC_2.3.2
31 2 0 0 0 0 0 2 0 0
32 2 0 0 0 0 0 2 0 0
33 6 1 1 0 0 0 2 0 0
37 2 1 1 0 0 0 2 0 0
38 2 0 0 0 0 0 2 0 0
39 2 0 0 0 0 0 2 0 0
40 2 0 0 0 0 0 2 0 0
41 2 1 1 0 0 0 0 0 0
42 2 0 0 0 0 0 2 0 0
47 4 0 0 2 0 0 0 0 0
fl=/build/buildd/eglibc-2.17/nptl/pthread_create.c
fn=__free_tcb
202 4 1 1 0 0 0 2 0 0
204 8 0 0 4 0 0 0 0 0
214 6 0 0 2 0 0 0 0 0
225 4 0 0 0 0 0 0 0 0
227 2 0 0 2 0 0 0 0 0
fn=__nptl_deallocate_tsd
112 8 2 2 2 0 0 0 0 0
194 2 1 1 2 0 0 0 0 0
fn=pthread_create@@GLIBC_2.2.5
468 22 1 1 0 0 0 20 0 0
472 6 0 0 0 0 0 0 0 0
492 2 0 0 0 0 0 2 0 0
495 2 0 0 0 0 0 2 0 0
501 4 0 0 2 0 0 2 2 2
502 4 1 1 2 0 0 2 0 0
505 2 0 0 2 0 0 0 0 0
506 8 0 0 2 0 0 2 2 2
507 6 0 0 2 1 0 0 0 0
512 8 0 0 0 0 0 2 0 0
515 12 1 1 6 1 0 6 0 0
520 4 0 0 2 1 0 2 0 0
521 4 0 0 2 0 0 2 0 0
525 4 0 0 2 0 0 2 0 0
530 4 1 1 2 0 0 2 0 0
534 4 0 0 2 0 0 0 0 0
579 4 0 0 2 0 0 2 0 0
585 18 0 0 14 0 0 0 0 0
fn=start_thread
232 6 1 1 0 0 0 4 2 2
238 8 0 0 0 0 0 0 0 0
239 2 0 0 0 0 0 2 0 0
244 8 0 0 2 1 0 2 0 0
248 2 0 0 0 0 0 2 0 0
251 10 1 1 6 0 0 0 0 0
263 10 0 0 2 0 0 0 0 0
270 6 0 0 4 0 0 0 0 0
285 2 1 1 0 0 0 2 2 2
286 2 0 0 0 0 0 2 0 0
289 6 0 0 0 0 0 2 0 0
290 4 0 0 0 0 0 0 0 0
293 4 0 0 0 0 0 2 0 0
295 6 0 0 4 0 0 0 0 0
311 6 1 1 4 0 0 4 0 0
318 2 0 0 0 0 0 2 0 0
322 2 0 0 0 0 0 2 0 0
328 10 0 0 4 0 0 0 0 0
333 6 1 1 4 0 0 0 0 0
363 4 0 0 6 0 0 0 0 0
398 6 0 0 0 0 0 2 0 0
401 12 0 0 4 2 0 0 0 0
402 4 1 1 2 0 0 0 0 0
403 4 0 0 0 0 0 0 0 0
404 8 1 1 0 0 0 2 0 0
423 6 0 0 4 0 0 0 0 0
426 4 0 0 2 0 0 0 0 0
446 6 0 0 0 0 0 0 0 0
fl=/build/buildd/eglibc-2.17/nptl/pthread_join.c
fn=pthread_join
43 12 1 1 0 0 0 8 0 0
47 10 1 1 2 0 0 0 0 0
52 4 0 0 2 0 0 0 0 0
54 2 0 0 0 0 0 0 0 0
56 2 0 0 2 0 0 0 0 0
64 12 1 1 0 0 0 2 0 0
67 4 0 0 0 0 0 2 0 0
69 4 0 0 0 0 0 0 0 0
70 4 0 0 2 0 0 0 0 0
85 6 0 0 2 0 0 0 0 0
92 22 1 1 4 0 0 0 0 0
96 4 0 0 0 0 0 2 0 0
99 6 0 0 0 0 0 2 0 0
105 2 0 0 0 0 0 2 0 0
108 4 0 0 0 0 0 0 0 0
113 6 1 1 0 0 0 2 0 0
119 12 0 0 10 0 0 0 0 0
fl=/build/buildd/eglibc-2.17/nptl/pthread_mutex_init.c
fn=pthread_mutex_init
43 1 0 0 0 0 0 0 0 0
48 3 1 1 0 0 0 0 0 0
51 4 0 0 1 1 1 0 0 0
83 5 1 1 0 0 0 5 1 1
86 3 0 0 1 0 0 1 0 0
88 3 0 0 1 0 0 0 0 0
99 6 1 1 0 0 0 0 0 0
127 2 0 0 0 0 0 0 0 0
140 1 0 0 0 0 0 0 0 0
141 2 0 0 1 0 0 0 0 0
fl=/build/buildd/eglibc-2.17/nptl/pthread_mutex_lock.c
fn=pthread_mutex_lock
47 4 1 1 0 0 0 0 0 0
50 6 0 0 2 0 0 0 0 0
54 6 0 0 0 0 0 0 0 0
57 2 0 0 2 0 0 0 0 0
59 4 0 0 0 0 0 0 0 0
67 4 2 1 0 0 0 0 0 0
72 4 0 0 2 0 0 0 0 0
85 10 0 0 2 0 0 0 0 0
87 4 0 0 2 0 0 0 0 0
88 4 0 0 0 0 0 2 0 0
128 2 0 0 0 0 0 2 0 0
130 2 1 1 2 0 0 0 0 0
135 2 0 0 0 0 0 0 0 0
136 4 0 0 2 0 0 0 0 0
fl=/build/buildd/eglibc-2.17/nptl/pthread_mutex_unlock.c
fn=__pthread_mutex_unlock_usercnt
36 2 2 1 0 0 0 0 0 0
37 6 0 0 2 1 0 0 0 0
38 4 0 0 0 0 0 0 0 0
41 4 0 0 0 0 0 0 0 0
46 2 0 0 0 0 0 2 0 0
47 4 0 0 0 0 0 0 0 0
49 2 0 0 2 0 0 0 0 0
52 8 0 0 4 0 0 0 0 0
56 4 0 0 2 0 0 0 0 0
58 4 2 1 0 0 0 0 0 0
61 6 0 0 4 1 0 0 0 0
64 10 0 0 2 0 0 2 0 0
66 2 0 0 0 0 0 0 0 0
fn=pthread_mutex_unlock
297 4 2 1 0 0 0 0 0 0
fl=/build/buildd/eglibc-2.17/posix/../sysdeps/unix/syscall-template.S
fn=uname
81 4 1 1 0 0 0 0 0 0
82 1 0 0 1 0 0 0 0 0
fl=/build/buildd/eglibc-2.17/posix/../sysdeps/unix/sysv/linux/_exit.c
fn=_Exit
28 2 1 1 1 0 0 0 0 0
32 4 0 0 0 0 0 0 0 0
34 2 0 0 0 0 0 0 0 0
fl=/build/buildd/eglibc-2.17/resource/../sysdeps/unix/syscall-template.S
fn=getrlimit
81 4 1 1 0 0 0 0 0 0
82 1 0 0 1 0 0 0 0 0
fl=/build/buildd/eglibc-2.17/setjmp/../sysdeps/x86_64/bsd-_setjmp.S
fn=_setjmp
33 3 1 1 0 0 0 0 0 0
35 3 0 0 0 0 0 0 0 0
fl=/build/buildd/eglibc-2.17/setjmp/../sysdeps/x86_64/setjmp.S
fn=__sigsetjmp
26 9 2 2 0 0 0 9 2 2
35 9 0 0 0 0 0 0 0 0
36 18 0 0 9 0 0 0 0 0
37 9 0 0 0 0 0 9 0 0
41 9 0 0 0 0 0 9 0 0
42 9 0 0 0 0 0 9 1 1
43 9 1 1 0 0 0 9 0 0
44 9 0 0 0 0 0 9 0 0
45 9 0 0 0 0 0 0 0 0
47 18 1 1 9 0 0 0 0 0
49 9 0 0 0 0 0 9 0 0
50 9 0 0 9 0 0 0 0 0
53 18 0 0 9 0 0 0 0 0
55 9 0 0 0 0 0 9 0 0
59 6 0 0 0 0 0 0 0 0
60 6 0 0 6 0 0 0 0 0
64 3 0 0 0 0 0 0 0 0
fl=/build/buildd/eglibc-2.17/setjmp/sigjmp.c
fn=__sigjmp_save
28 6 0 0 0 0 0 3 0 0
29 12 1 1 0 0 0 3 0 0
34 9 0 0 6 0 0 0 0 0
fl=/build/buildd/eglibc-2.17/stdio-common/_itoa.c
fn=_itoa_word
168 2000 1 1 0 0 0 0 0 0
170 1000 0 0 0 0 0 0 0 0
179 10240 2 2 770 1 1 770 0 0
188 1000 0 0 500 0 0 0 0 0
fl=/build/buildd/eglibc-2.17/stdio-common/printf-parse.h
fn=vfprintf
109 3300 1 1 0 0 0 1900 2 2
fl=/build/buildd/eglibc-2.17/stdio-common/printf.c
fn=printf
29 1800 1 1 0 0 0 1000 0 0
33 1200 2 2 0 0 0 800 0 0
34 800 0 0 400 0 0 200 0 0
38 400 0 0 200 0 0 0 0 0
fl=/build/buildd/eglibc-2.17/stdio-common/vfprintf.c
fn=_L_lock_1042
2347 5 1 1 0 0 0 1 1 1
fn=_L_unlock_1112
2347 505 1 1 0 0 0 101 0 0
fn=vfprintf
235 2200 2 2 0 0 0 1200 0 0
240 200 0 0 0 0 0 200 1 1
270 600 0 0 400 1 0 200 2 2
274 200 0 0 0 0 0 200 1 1
277 200 1 1 0 0 0 200 0 0
283 200 0 0 0 0 0 200 2 2
1289 1000 1 1 200 0 0 0 0 0
1293 1000 1 1 200 0 0 0 0 0
1304 400 0 0 0 0 0 0 0 0
1311 200 0 0 0 0 0 200 0 0
1315 1200 1 1 600 0 0 600 3 3
1319 200 0 0 0 0 0 200 0 0
1326 200 0 0 0 0 0 200 0 0
1330 2800 2 2 800 2 0 600 0 0
1331 3399 2 2 1600 1 0 200 0 0
1334 2600 1 1 600 0 0 200 0 0
1338 600 0 0 400 0 0 0 0 0
1342 1400 1 1 600 3 1 0 0 0
1369 500 0 0 0 0 0 500 2 2
1370 500 0 0 0 0 0 500 0 0
1371 500 0 0 0 0 0 500 0 0
1372 500 1 1 0 0 0 500 0 0
1373 500 0 0 0 0 0 500 0 0
1374 500 0 0 0 0 0 500 0 0
1375 500 0 0 0 0 0 500 0 0
1376 500 0 0 0 0 0 500 0 0
1377 500 0 0 0 0 0 500 0 0
1378 500 0 0 0 0 0 500 0 0
1379 500 0 0 0 0 0 500 0 0
1382 500 0 0 0 0 0 500 0 0
1383 1000 0 0 0 0 0 500 0 0
1386 500 0 0 0 0 0 0 0 0
1387 1000 0 0 0 0 0 500 0 0
1390 9000 3 3 2000 2 2 1000 0 0
1654 57882 25 25 22191 0 0 7500 1 1
1672 500 0 0 500 0 0 0 0 0
1674 1000 1 1 0 0 0 0 0 0
1676 500 0 0 0 0 0 0 0 0
1682 2000 0 0 500 0 0 1000 0 0
1686 12500 1 1 3500 0 0 1500 0 0
1688 1200 0 0 500 0 0 0 0 0
2078 400 1 1 200 0 0 0 0 0
2080 400 0 0 200 0 0 200 0 0
2081 400 1 1 0 0 0 200 0 0
2083 2099 1 1 1200 0 0 200 0 0
2084 2000 0 0 600 0 0 200 0 0
2087 1600 0 0 1400 0 0 0 0 0
fl=/build/buildd/eglibc-2.17/stdlib/bsearch.c
fn=bsearch
26 192 3 3 0 0 0 128 0 0
33 264 1 1 0 0 0 0 0 0
35 216 0 0 0 0 0 0 0 0
36 324 0 0 108 0 0 0 0 0
37 324 1 1 108 0 0 108 0 0
38 216 0 0 0 0 0 0 0 0
39 92 0 0 0 0 0 0 0 0
40 16 0 0 0 0 0 0 0 0
41 16 0 0 0 0 0 0 0 0
46 16 0 0 0 0 0 0 0 0
47 144 0 0 112 0 0 0 0 0
fl=/build/buildd/eglibc-2.17/stdlib/cxa_atexit.c
fn=__cxa_atexit
34 2 0 0 0 0 0 1 0 0
36 2 0 0 0 0 0 0 0 0
40 3 0 0 1 0 0 0 0 0
42 1 0 0 0 0 0 1 0 0
43 1 0 0 0 0 0 1 0 0
44 1 0 0 0 0 0 1 0 0
46 1 0 0 0 0 0 1 0 0
47 1 0 0 0 0 0 0 0 0
56 7 2 2 0 0 0 3 0 0
58 5 1 1 4 0 0 0 0 0
fn=__new_exitfn
72 4 1 1 0 0 0 2 0 0
78 6 1 1 2 1 0 0 0 0
80 9 1 1 2 1 0 0 0 0
82 3 0 0 1 1 0 0 0 0
90 2 0 0 0 0 0 1 0 0
111 1 1 1 0 0 0 0 0 0
112 2 0 0 0 0 0 1 0 0
125 1 1 1 0 0 0 1 0 0
126 1 0 0 1 1 1 0 0 0
129 4 0 0 2 0 0 0 0 0
132 5 0 0 3 0 0 0 0 0
fl=/build/buildd/eglibc-2.17/stdlib/cxa_finalize.c
fn=__cxa_finalize
30 16 1 1 0 0 0 12 0 0
34 14 1 1 4 0 0 0 0 0
38 12 1 1 2 0 0 0 0 0
48 2 0 0 0 0 0 0 0 0
66 14 1 1 4 0 0 0 0 0
70 12 0 0 2 1 1 0 0 0
78 4 0 0 0 0 0 0 0 0
79 4 0 0 0 0 0 0 0 0
81 14 1 1 12 0 0 0 0 0
fl=/build/buildd/eglibc-2.17/stdlib/exit.c
fn=__run_exit_handlers
36 9 1 1 1 1 0 4 0 0
41 5 0 0 2 1 0 0 0 0
45 4 0 0 0 0 0 0 0 0
47 4 0 0 0 0 0 1 0 0
48 1 1 1 0 0 0 0 0 0
49 5 0 0 1 0 0 0 0 0
73 1 1 1 1 0 0 0 0 0
75 2 0 0 1 0 0 0 0 0
77 3 0 0 1 0 0 1 0 0
78 1 0 0 0 0 0 0 0 0
82 2 1 1 1 0 0 1 0 0
83 2 0 0 0 0 0 0 0 0
89 2 0 0 0 0 0 0 0 0
90 8 0 0 1 0 0 1 0 0
92 2 0 0 0 0 0 1 0 0
fn=exit
98 1 0 0 0 0 0 0 0 0
99 3 1 1 0 0 0 1 0 0
fl=/build/buildd/eglibc-2.17/string/../string/memcmp.c
fn=bcmp
105 15 0 0 15 0 0 0 0 0
106 30 0 0 15 0 0 0 0 0
110 33 0 0 0 0 0 0 0 0
111 9 0 0 0 0 0 0 0 0
129 21 1 1 0 0 0 0 0 0
133 3 0 0 3 1 1 0 0 0
134 3 0 0 3 0 0 0 0 0
135 3 0 0 0 0 0 0 0 0
136 3 0 0 0 0 0 0 0 0
137 3 0 0 0 0 0 0 0 0
183 3 0 0 3 1 1 0 0 0
184 3 0 0 3 0 0 0 0 0
185 18 1 1 0 0 0 6 1 1
221 3 0 0 0 0 0 0 0 0
222 6 1 1 0 0 0 0 0 0
226 6 0 0 0 0 0 0 0 0
228 21 0 0 0 0 0 0 0 0
232 3 0 0 3 0 0 0 0 0
233 3 0 0 3 0 0 0 0 0
234 3 0 0 3 0 0 0 0 0
235 3 0 0 0 0 0 0 0 0
236 3 0 0 0 0 0 0 0 0
237 3 1 1 0 0 0 0 0 0
289 3 0 0 3 0 0 0 0 0
290 3 0 0 3 0 0 0 0 0
291 18 0 0 0 0 0 0 0 0
292 6 0 0 0 0 0 0 0 0
299 6 1 1 0 0 0 0 0 0
304 18 1 1 0 0 0 0 0 0
305 6 1 1 0 0 0 0 0 0
311 97 1 1 0 0 0 0 0 0
315 112 2 2 0 0 0 96 1 1
318 16 0 0 0 0 0 0 0 0
319 16 0 0 0 0 0 0 0 0
322 32 0 0 0 0 0 0 0 0
326 16 0 0 0 0 0 0 0 0
328 2 0 0 2 1 1 0 0 0
329 2 0 0 2 0 0 0 0 0
330 2 0 0 0 0 0 0 0 0
331 2 0 0 0 0 0 0 0 0
333 4 0 0 0 0 0 0 0 0
335 2 0 0 0 0 0 0 0 0
342 18 1 1 0 0 0 0 0 0
343 12 0 0 0 0 0 0 0 0
346 6 0 0 0 0 0 0 0 0
350 9 0 0 0 0 0 0 0 0
351 3 0 0 0 0 0 0 0 0
352 3 0 0 0 0 0 0 0 0
356 180 1 1 0 0 0 0 0 0
358 78 0 0 78 1 1 0 0 0
359 78 0 0 78 6 6 0 0 0
360 78 0 0 0 0 0 0 0 0
363 156 0 0 0 0 0 0 0 0
368 12 0 0 0 0 0 0 0 0
369 128 0 0 112 0 0 0 0 0
fl=/build/buildd/eglibc-2.17/string/../sysdeps/x86_64/memcpy.S
fn=__GI_mempcpy
61 1000 1 1 0 0 0 0 0 0
65 1000 0 0 0 0 0 0 0 0
68 1000 0 0 0 0 0 0 0 0
69 1000 0 0 0 0 0 0 0 0
71 630 0 0 630 0 0 0 0 0
72 630 0 0 0 0 0 630 0 0
74 630 0 0 0 0 0 0 0 0
75 630 0 0 0 0 0 0 0 0
80 1000 0 0 0 0 0 0 0 0
81 1000 0 0 0 0 0 0 0 0
83 270 0 0 270 0 0 0 0 0
84 270 0 0 0 0 0 270 0 0
86 270 0 0 0 0 0 0 0 0
87 270 0 0 0 0 0 0 0 0
92 1000 0 0 0 0 0 0 0 0
93 1000 0 0 0 0 0 0 0 0
104 1000 0 0 0 0 0 0 0 0
105 1000 0 0 0 0 0 0 0 0
116 1000 1 1 0 0 0 0 0 0
117 1200 0 0 0 0 0 0 0 0
122 200 0 0 200 0 0 0 0 0
123 200 0 0 200 0 0 0 0 0
124 200 0 0 0 0 0 200 0 0
125 200 0 0 0 0 0 200 0 0
127 200 0 0 0 0 0 0 0 0
129 200 0 0 0 0 0 0 0 0
130 200 0 0 0 0 0 0 0 0
132 200 0 0 0 0 0 0 0 0
138 1000 0 0 0 0 0 0 0 0
142 1000 0 0 1000 0 0 0 0 0
fn=mempcpy
61 21 1 1 0 0 0 0 0 0
65 21 0 0 0 0 0 0 0 0
68 20 0 0 0 0 0 0 0 0
69 20 0 0 0 0 0 0 0 0
71 6 0 0 6 1 1 0 0 0
72 6 0 0 0 0 0 6 0 0
74 6 0 0 0 0 0 0 0 0
75 6 0 0 0 0 0 0 0 0
80 20 0 0 0 0 0 0 0 0
81 20 0 0 0 0 0 0 0 0
83 9 0 0 9 0 0 0 0 0
84 9 0 0 0 0 0 9 0 0
86 9 0 0 0 0 0 0 0 0
87 9 0 0 0 0 0 0 0 0
92 20 0 0 0 0 0 0 0 0
93 20 0 0 0 0 0 0 0 0
95 7 0 0 7 0 0 0 0 0
96 7 0 0 0 0 0 7 1 1
98 7 0 0 0 0 0 0 0 0
99 7 0 0 0 0 0 0 0 0
104 20 2 1 0 0 0 0 0 0
105 20 0 0 0 0 0 0 0 0
107 5 0 0 5 0 0 0 0 0
108 5 0 0 0 0 0 5 0 0
110 5 0 0 0 0 0 0 0 0
111 10 0 0 0 0 0 0 0 0
116 20 0 0 0 0 0 0 0 0
117 28 0 0 0 0 0 0 0 0
122 8 0 0 8 2 0 0 0 0
123 8 0 0 8 0 0 0 0 0
124 8 0 0 0 0 0 8 4 4
125 8 0 0 0 0 0 8 0 0
127 8 1 0 0 0 0 0 0 0
129 8 0 0 0 0 0 0 0 0
130 8 0 0 0 0 0 0 0 0
132 8 0 0 0 0 0 0 0 0
138 20 1 1 0 0 0 0 0 0
142 20 0 0 20 0 0 0 0 0
154 3 0 0 0 0 0 0 0 0
156 3 0 0 0 0 0 0 0 0
157 3 0 0 0 0 0 0 0 0
183 3 1 1 0 0 0 0 0 0
184 3 0 0 0 0 0 0 0 0
187 3 0 0 0 0 0 0 0 0
188 3 0 0 0 0 0 0 0 0
189 3 0 0 0 0 0 0 0 0
194 3 0 0 0 0 0 0 0 0
196 3 0 0 3 0 0 0 0 0
197 3 0 0 3 0 0 0 0 0
198 3 0 0 3 0 0 0 0 0
199 3 0 0 3 0 0 0 0 0
201 3 0 0 0 0 0 3 0 0
202 3 0 0 0 0 0 3 0 0
203 3 0 0 0 0 0 3 0 0
204 3 0 0 0 0 0 3 0 0
206 3 0 0 0 0 0 0 0 0
207 3 0 0 0 0 0 0 0 0
209 3 0 0 0 0 0 0 0 0
231 3 1 1 0 0 0 0 0 0
233 3 0 0 0 0 0 0 0 0
235 1 0 0 0 0 0 0 0 0
242 1 0 0 1 0 0 0 0 0
fl=/build/buildd/eglibc-2.17/string/../sysdeps/x86_64/multiarch/../cacheinfo.c
fn=handle_intel
305 32 0 0 0 0 0 24 0 0
306 8 2 2 0 0 0 0 0 0
317 4 0 0 0 0 0 0 0 0
319 4 0 0 0 0 0 4 0 0
320 4 0 0 0 0 0 4 0 0
322 4 0 0 0 0 0 0 0 0
328 16 1 1 0 0 0 0 0 0
333 8 1 1 0 0 0 0 0 0
335 4 2 2 0 0 0 0 0 0
336 8 0 0 0 0 0 0 0 0
340 20 0 0 0 0 0 4 0 0
341 8 0 0 0 0 0 0 0 0
344 20 0 0 0 0 0 4 0 0
345 8 1 1 0 0 0 0 0 0
362 32 1 1 28 0 0 0 0 0
fn=init_cacheinfo
550 6 2 2 0 0 0 6 0 0
563 6 0 0 2 1 0 0 0 0
564 3 1 1 1 0 0 1 0 0
570 4 0 0 0 0 0 0 0 0
572 8 1 1 2 0 0 2 0 0
575 2 0 0 0 0 0 0 0 0
576 8 0 0 2 0 0 2 0 0
578 4 2 2 0 0 0 0 0 0
589 2 0 0 2 0 0 0 0 0
607 8 0 0 2 0 0 0 0 0
614 42 0 0 0 0 0 0 0 0
620 16 0 0 0 0 0 0 0 0
623 32 2 2 0 0 0 0 0 0
625 2 0 0 0 0 0 0 0 0
631 10 0 0 0 0 0 0 0 0
638 18 0 0 0 0 0 0 0 0
640 4 0 0 0 0 0 0 0 0
642 16 0 0 0 0 0 0 0 0
644 8 0 0 0 0 0 0 0 0
649 2 2 2 0 0 0 0 0 0
651 8 0 0 0 0 0 0 0 0
652 4 0 0 0 0 0 0 0 0
657 2 0 0 0 0 0 0 0 0
669 8 0 0 0 0 0 0 0 0
670 12 2 2 0 0 0 0 0 0
744 4 0 0 0 0 0 0 0 0
746 6 2 2 0 0 0 2 0 0
747 2 0 0 0 0 0 2 2 2
749 2 0 0 0 0 0 0 0 0
750 6 0 0 0 0 0 2 1 1
751 2 0 0 0 0 0 2 1 0
754 4 0 0 0 0 0 0 0 0
756 6 0 0 0 0 0 2 0 0
757 2 0 0 0 0 0 2 1 1
759 2 0 0 0 0 0 0 0 0
760 6 0 0 0 0 0 2 0 0
761 2 0 0 0 0 0 2 0 0
763 8 0 0 8 0 0 0 0 0
fn=intel_02_known_compare
150 324 2 2 216 12 12 0 0 0
153 324 0 0 108 0 0 0 0 0
fn=intel_check_word
161 56 2 2 0 0 0 40 0 0
162 24 0 0 0 0 0 0 0 0
164 4 1 1 0 0 0 0 0 0
168 72 1 1 0 0 0 0 0 0
170 48 0 0 0 0 0 0 0 0
172 20 2 2 0 0 0 0 0 0
174 40 0 0 0 0 0 0 0 0
182 40 1 1 0 0 0 0 0 0
194 78 4 4 0 0 0 0 0 0
199 32 0 0 0 0 0 0 0 0
203 20 4 4 0 0 0 0 0 0
205 8 1 1 0 0 0 0 0 0
210 18 1 1 0 0 0 0 0 0
213 4 0 0 0 0 0 0 0 0
215 8 0 0 0 0 0 0 0 0
217 20 2 2 0 0 0 0 0 0
218 16 0 0 0 0 0 0 0 0
219 16 1 1 0 0 0 0 0 0
220 4 0 0 0 0 0 0 0 0
228 6 0 0 0 0 0 0 0 0
235 48 0 0 0 0 0 0 0 0
270 16 0 0 0 0 0 16 0 0
271 96 1 1 0 0 0 16 0 0
273 32 0 0 0 0 0 0 0 0
295 16 0 0 0 0 0 0 0 0
300 56 0 0 48 0 0 0 0 0
fl=/build/buildd/eglibc-2.17/string/../sysdeps/x86_64/multiarch/../memcpy.S
fn=memcpy
61 16 1 1 0 0 0 0 0 0
63 16 0 0 0 0 0 0 0 0
65 16 0 0 0 0 0 0 0 0
68 15 0 0 0 0 0 0 0 0
69 15 0 0 0 0 0 0 0 0
71 3 0 0 3 0 0 0 0 0
72 3 0 0 0 0 0 3 1 1
74 3 0 0 0 0 0 0 0 0
75 3 0 0 0 0 0 0 0 0
80 15 0 0 0 0 0 0 0 0
81 15 0 0 0 0 0 0 0 0
83 3 0 0 3 0 0 0 0 0
84 3 0 0 0 0 0 3 1 1
86 3 0 0 0 0 0 0 0 0
87 6 0 0 0 0 0 0 0 0
92 15 0 0 0 0 0 0 0 0
93 15 0 0 0 0 0 0 0 0
95 3 0 0 3 0 0 0 0 0
96 3 0 0 0 0 0 3 0 0
98 3 0 0 0 0 0 0 0 0
99 3 0 0 0 0 0 0 0 0
104 15 1 1 0 0 0 0 0 0
105 15 0 0 0 0 0 0 0 0
107 9 0 0 9 0 0 0 0 0
108 9 0 0 0 0 0 9 2 2
110 9 0 0 0 0 0 0 0 0
111 9 0 0 0 0 0 0 0 0
116 15 0 0 0 0 0 0 0 0
117 23 0 0 0 0 0 0 0 0
122 8 0 0 8 0 0 0 0 0
123 8 0 0 8 0 0 0 0 0
124 8 0 0 0 0 0 8 1 1
125 8 0 0 0 0 0 8 1 1
127 8 0 0 0 0 0 0 0 0
129 8 0 0 0 0 0 0 0 0
130 8 0 0 0 0 0 0 0 0
132 8 0 0 0 0 0 0 0 0
140 15 0 0 15 0 0 0 0 0
148 6 1 1 0 0 0 6 0 0
154 6 0 0 0 0 0 0 0 0
156 6 0 0 0 0 0 0 0 0
157 6 0 0 0 0 0 0 0 0
160 3 0 0 0 0 0 0 0 0
161 6 0 0 0 0 0 0 0 0
166 11 0 0 11 0 0 0 0 0
167 11 0 0 0 0 0 11 0 0
169 11 0 0 0 0 0 0 0 0
171 11 0 0 0 0 0 0 0 0
172 11 0 0 0 0 0 0 0 0
174 14 0 0 0 0 0 0 0 0
183 6 1 1 0 0 0 0 0 0
184 6 0 0 0 0 0 0 0 0
187 6 0 0 0 0 0 0 0 0
188 6 0 0 0 0 0 0 0 0
189 6 0 0 0 0 0 0 0 0
194 5 0 0 0 0 0 0 0 0
196 5 0 0 5 0 0 0 0 0
197 5 0 0 5 0 0 0 0 0
198 5 0 0 5 0 0 0 0 0
199 5 0 0 5 0 0 0 0 0
201 5 0 0 0 0 0 5 1 1
202 5 0 0 0 0 0 5 1 1
203 5 0 0 0 0 0 5 1 1
204 5 0 0 0 0 0 5 0 0
206 5 0 0 0 0 0 0 0 0
207 5 0 0 0 0 0 0 0 0
209 5 0 0 0 0 0 0 0 0
231 6 1 1 0 0 0 0 0 0
237 6 0 0 6 0 0 0 0 0
238 6 0 0 0 0 0 0 0 0
240 1 0 0 1 0 0 0 0 0
fl=/build/buildd/eglibc-2.17/string/../sysdeps/x86_64/multiarch/../memset.S
fn=__GI_memset
43 2 0 0 0 0 0 0 0 0
44 2 0 0 0 0 0 0 0 0
45 2 0 0 0 0 0 0 0 0
49 2 0 0 0 0 0 0 0 0
50 2 0 0 0 0 0 0 0 0
51 2 0 0 0 0 0 0 0 0
52 2 1 1 0 0 0 0 0 0
54 2 0 0 0 0 0 0 0 0
55 2 0 0 0 0 0 0 0 0
503 2 1 1 0 0 0 0 0 0
504 2 0 0 0 0 0 0 0 0
505 2 0 0 0 0 0 0 0 0
506 2 1 1 0 0 0 0 0 0
507 2 0 0 0 0 0 0 0 0
508 2 0 0 0 0 0 0 0 0
509 2 0 0 0 0 0 0 0 0
514 2 0 0 0 0 0 0 0 0
515 2 0 0 0 0 0 0 0 0
516 2 0 0 2 1 1 0 0 0
517 2 0 0 0 0 0 0 0 0
518 2 0 0 0 0 0 0 0 0
603 2 1 1 0 0 0 0 0 0
604 2 0 0 0 0 0 0 0 0
606 2 0 0 0 0 0 0 0 0
607 2 0 0 0 0 0 0 0 0
748 2 1 1 0 0 0 2 0 0
749 2 0 0 0 0 0 2 0 0
750 2 0 0 2 0 0 0 0 0
865 2 1 1 2 1 0 0 0 0
866 2 0 0 0 0 0 0 0 0
867 4 0 0 0 0 0 0 0 0
871 4 0 0 0 0 0 0 0 0
872 4 0 0 0 0 0 0 0 0
873 4 0 0 0 0 0 4 4 4
874 4 0 0 0 0 0 4 0 0
875 4 0 0 0 0 0 4 0 0
876 4 0 0 0 0 0 4 0 0
877 4 1 1 0 0 0 4 4 4
878 4 0 0 0 0 0 4 0 0
879 4 0 0 0 0 0 4 0 0
880 4 0 0 0 0 0 4 0 0
882 4 0 0 0 0 0 0 0 0
883 4 0 0 0 0 0 0 0 0
884 2 0 0 0 0 0 0 0 0
889 2 0 0 0 0 0 0 0 0
890 2 0 0 0 0 0 0 0 0
891 2 0 0 2 1 1 0 0 0
892 2 0 0 0 0 0 0 0 0
893 2 0 0 0 0 0 0 0 0
fn=memset
43 14 1 1 0 0 0 0 0 0
44 14 0 0 0 0 0 0 0 0
45 14 0 0 0 0 0 0 0 0
49 14 0 0 0 0 0 0 0 0
50 14 0 0 0 0 0 0 0 0
51 14 0 0 0 0 0 0 0 0
52 14 0 0 0 0 0 0 0 0
54 14 0 0 0 0 0 0 0 0
55 14 0 0 0 0 0 0 0 0
57 12 0 0 0 0 0 0 0 0
62 12 0 0 0 0 0 0 0 0
63 12 0 0 0 0 0 0 0 0
64 12 1 1 12 4 2 0 0 0
65 12 0 0 0 0 0 0 0 0
66 12 0 0 0 0 0 0 0 0
70 1 0 0 1 0 0 0 0 0
323 3 2 1 0 0 0 3 3 3
324 3 0 0 0 0 0 3 0 0
325 3 0 0 0 0 0 3 0 0
326 3 0 0 0 0 0 3 0 0
327 3 0 0 0 0 0 3 0 0
328 3 0 0 0 0 0 3 0 0
329 3 0 0 0 0 0 3 0 0
330 3 0 0 0 0 0 3 0 0
331 4 0 0 0 0 0 4 4 4
332 4 0 0 0 0 0 4 0 0
333 4 0 0 0 0 0 4 0 0
334 4 0 0 0 0 0 4 0 0
335 4 0 0 0 0 0 4 0 0
336 4 0 0 0 0 0 4 0 0
337 4 0 0 0 0 0 4 0 0
338 5 1 1 0 0 0 5 1 1
339 5 0 0 5 0 0 0 0 0
363 2 2 1 0 0 0 2 0 0
364 4 0 0 0 0 0 4 0 0
365 4 0 0 4 0 0 0 0 0
415 2 2 1 0 0 0 2 0 0
416 2 0 0 2 0 0 0 0 0
466 2 2 1 0 0 0 2 0 0
467 2 0 0 0 0 0 2 0 0
468 2 0 0 2 0 0 0 0 0
503 2 1 1 0 0 0 0 0 0
504 2 0 0 0 0 0 0 0 0
505 2 0 0 0 0 0 0 0 0
506 2 0 0 0 0 0 0 0 0
507 2 0 0 0 0 0 0 0 0
508 2 0 0 0 0 0 0 0 0
509 2 0 0 0 0 0 0 0 0
514 2 0 0 0 0 0 0 0 0
515 2 0 0 0 0 0 0 0 0
516 2 0 0 2 1 1 0 0 0
517 2 1 1 0 0 0 0 0 0
518 2 0 0 0 0 0 0 0 0
553 1 0 0 0 0 0 1 1 1
554 1 0 0 0 0 0 1 0 0
555 1 0 0 0 0 0 0 0 0
592 2 1 1 0 0 0 0 0 0
1213 2 0 0 0 0 0 0 0 0
1214 4 0 0 0 0 0 0 0 0
1218 2 0 0 0 0 0 0 0 0
1219 2 0 0 0 0 0 0 0 0
1220 4 0 0 0 0 0 0 0 0
1225 41 0 0 0 0 0 0 0 0
1227 41 0 0 0 0 0 41 41 41
1228 41 0 0 0 0 0 41 0 0
1229 41 0 0 0 0 0 41 0 0
1230 41 1 1 0 0 0 41 0 0
1231 41 0 0 0 0 0 41 0 0
1232 41 0 0 0 0 0 41 0 0
1233 41 0 0 0 0 0 41 0 0
1234 41 0 0 0 0 0 41 0 0
1235 41 0 0 0 0 0 41 41 41
1236 41 0 0 0 0 0 41 0 0
1237 41 0 0 0 0 0 41 0 0
1238 41 0 0 0 0 0 41 0 0
1239 41 0 0 0 0 0 41 0 0
1240 41 0 0 0 0 0 41 0 0
1241 41 0 0 0 0 0 41 0 0
1242 41 0 0 0 0 0 41 0 0
1244 41 0 0 0 0 0 0 0 0
1246 41 0 0 0 0 0 0 0 0
1249 2 0 0 0 0 0 0 0 0
1250 2 1 1 0 0 0 0 0 0
1256 2 0 0 0 0 0 0 0 0
1257 2 0 0 0 0 0 0 0 0
1258 2 0 0 2 1 1 0 0 0
1259 2 0 0 0 0 0 0 0 0
1260 2 0 0 0 0 0 0 0 0
fl=/build/buildd/eglibc-2.17/string/../sysdeps/x86_64/multiarch/../rtld-strlen.S
fn=strlen
28 16 1 1 0 0 0 0 0 0
29 16 0 0 0 0 0 0 0 0
30 16 0 0 0 0 0 0 0 0
31 16 0 0 0 0 0 0 0 0
33 10 0 0 0 0 0 0 0 0
34 10 0 0 0 0 0 0 0 0
36 38 0 0 38 0 0 0 0 0
37 38 0 0 0 0 0 0 0 0
38 37 0 0 0 0 0 0 0 0
39 37 0 0 0 0 0 0 0 0
40 37 0 0 0 0 0 0 0 0
42 30 0 0 0 0 0 0 0 0
47 20 0 0 20 0 0 0 0 0
48 20 0 0 0 0 0 0 0 0
49 20 0 0 0 0 0 0 0 0
50 20 0 0 0 0 0 0 0 0
53 20 0 0 0 0 0 0 0 0
54 18 1 1 0 0 0 0 0 0
55 18 0 0 0 0 0 0 0 0
56 18 0 0 0 0 0 0 0 0
58 18 0 0 0 0 0 0 0 0
61 16 0 0 16 0 0 0 0 0
62 16 0 0 0 0 0 0 0 0
63 16 0 0 0 0 0 0 0 0
64 16 0 0 0 0 0 0 0 0
67 16 0 0 0 0 0 0 0 0
68 12 0 0 0 0 0 0 0 0
69 12 0 0 0 0 0 0 0 0
70 12 0 0 0 0 0 0 0 0
72 12 0 0 0 0 0 0 0 0
75 8 0 0 8 0 0 0 0 0
76 8 0 0 0 0 0 0 0 0
77 8 0 0 0 0 0 0 0 0
78 8 0 0 0 0 0 0 0 0
81 8 0 0 0 0 0 0 0 0
82 8 0 0 0 0 0 0 0 0
83 8 0 0 0 0 0 0 0 0
84 8 0 0 0 0 0 0 0 0
86 8 0 0 0 0 0 0 0 0
89 8 0 0 8 0 0 0 0 0
90 8 0 0 0 0 0 0 0 0
91 8 0 0 0 0 0 0 0 0
92 8 0 0 0 0 0 0 0 0
95 8 0 0 0 0 0 0 0 0
96 6 0 0 0 0 0 0 0 0
97 6 0 0 0 0 0 0 0 0
98 6 0 0 0 0 0 0 0 0
100 7 0 0 0 0 0 0 0 0
103 15 1 1 0 0 0 0 0 0
105 15 0 0 0 0 0 0 0 0
106 15 0 0 0 0 0 0 0 0
107 13 0 0 0 0 0 0 0 0
109 13 0 0 0 0 0 0 0 0
110 13 0 0 0 0 0 0 0 0
111 13 0 0 0 0 0 0 0 0
113 13 0 0 0 0 0 0 0 0
114 13 0 0 0 0 0 0 0 0
115 13 0 0 0 0 0 0 0 0
117 13 1 1 0 0 0 0 0 0
118 13 0 0 0 0 0 0 0 0
119 13 0 0 0 0 0 0 0 0
121 13 0 0 0 0 0 0 0 0
123 13 0 0 0 0 0 0 0 0
124 13 0 0 0 0 0 0 0 0
125 10 0 0 0 0 0 0 0 0
127 10 0 0 0 0 0 0 0 0
128 10 0 0 0 0 0 0 0 0
129 6 0 0 0 0 0 0 0 0
131 6 0 0 0 0 0 0 0 0
132 6 0 0 0 0 0 0 0 0
133 5 0 0 0 0 0 0 0 0
135 16 0 0 0 0 0 0 0 0
136 16 0 0 16 0 0 0 0 0
fl=/build/buildd/eglibc-2.17/string/../sysdeps/x86_64/multiarch/../strchr.S
fn=index
25 10 1 1 0 0 0 0 0 0
26 10 0 0 0 0 0 0 0 0
27 10 0 0 0 0 0 0 0 0
28 10 0 0 0 0 0 0 0 0
29 10 1 1 0 0 0 0 0 0
30 10 0 0 0 0 0 0 0 0
31 10 0 0 0 0 0 0 0 0
32 10 0 0 10 4 4 0 0 0
33 10 0 0 0 0 0 0 0 0
34 10 0 0 0 0 0 0 0 0
35 10 0 0 0 0 0 0 0 0
36 10 0 0 0 0 0 0 0 0
37 10 0 0 0 0 0 0 0 0
38 10 0 0 0 0 0 0 0 0
39 10 0 0 0 0 0 0 0 0
40 10 0 0 0 0 0 0 0 0
41 10 0 0 0 0 0 0 0 0
42 10 0 0 0 0 0 0 0 0
43 10 0 0 0 0 0 0 0 0
44 10 0 0 0 0 0 0 0 0
45 10 0 0 0 0 0 0 0 0
47 8 0 0 8 1 1 0 0 0
48 8 0 0 0 0 0 0 0 0
49 8 0 0 0 0 0 0 0 0
50 8 0 0 0 0 0 0 0 0
51 8 0 0 0 0 0 0 0 0
52 8 0 0 0 0 0 0 0 0
53 8 0 0 0 0 0 0 0 0
54 8 0 0 0 0 0 0 0 0
55 8 0 0 0 0 0 0 0 0
57 10 0 0 0 0 0 0 0 0
58 10 0 0 0 0 0 0 0 0
59 1 0 0 0 0 0 0 0 0
60 1 0 0 0 0 0 0 0 0
61 1 0 0 0 0 0 0 0 0
62 1 0 0 0 0 0 0 0 0
63 9 0 0 0 0 0 0 0 0
64 10 0 0 10 0 0 0 0 0
fl=/build/buildd/eglibc-2.17/string/../sysdeps/x86_64/multiarch/../strcmp.S
fn=strcmp
134 2702 1 1 2702 56 28 0 0 0
135 2702 0 0 2702 20 6 0 0 0
136 2702 0 0 0 0 0 0 0 0
137 2383 0 0 0 0 0 0 0 0
138 2383 0 0 0 0 0 0 0 0
139 2383 0 0 0 0 0 0 0 0
140 2383 0 0 0 0 0 0 0 0
142 179 0 0 0 0 0 0 0 0
143 179 0 0 179 0 0 0 0 0
145 319 1 1 0 0 0 0 0 0
146 319 0 0 0 0 0 0 0 0
147 319 0 0 0 0 0 0 0 0
148 319 0 0 319 0 0 0 0 0
fl=/build/buildd/eglibc-2.17/string/../sysdeps/x86_64/multiarch/../strlen.S
fn=__GI_strlen
25 1 1 1 0 0 0 0 0 0
26 1 0 0 0 0 0 0 0 0
27 1 0 0 0 0 0 0 0 0
28 1 0 0 0 0 0 0 0 0
29 1 0 0 0 0 0 0 0 0
30 1 0 0 0 0 0 0 0 0
40 1 0 0 0 0 0 0 0 0
41 1 0 0 0 0 0 0 0 0
42 1 0 0 1 1 1 0 0 0
43 1 0 0 0 0 0 0 0 0
44 1 0 0 0 0 0 0 0 0
45 1 0 0 0 0 0 0 0 0
46 1 1 1 0 0 0 0 0 0
47 1 0 0 0 0 0 0 0 0
48 1 0 0 0 0 0 0 0 0
50 1 0 0 0 0 0 0 0 0
51 1 0 0 0 0 0 0 0 0
52 1 0 0 0 0 0 0 0 0
53 2 0 0 0 0 0 0 0 0
56 1 0 0 1 1 1 0 0 0
57 1 0 0 0 0 0 0 0 0
58 1 0 0 0 0 0 0 0 0
59 1 0 0 0 0 0 0 0 0
84 1 1 1 0 0 0 0 0 0
85 1 0 0 0 0 0 0 0 0
86 1 0 0 0 0 0 0 0 0
87 1 0 0 1 0 0 0 0 0
fl=/build/buildd/eglibc-2.17/string/../sysdeps/x86_64/multiarch/../strrchr.S
fn=__GI_strrchr
25 1 1 1 0 0 0 0 0 0
26 1 0 0 0 0 0 0 0 0
27 1 0 0 0 0 0 0 0 0
28 1 0 0 0 0 0 0 0 0
29 1 0 0 0 0 0 0 0 0
30 1 0 0 0 0 0 0 0 0
31 1 0 0 0 0 0 0 0 0
32 1 0 0 1 1 0 0 0 0
33 1 0 0 0 0 0 0 0 0
34 1 0 0 0 0 0 0 0 0
35 1 0 0 0 0 0 0 0 0
36 1 0 0 0 0 0 0 0 0
37 1 1 1 0 0 0 0 0 0
38 1 0 0 0 0 0 0 0 0
39 1 0 0 0 0 0 0 0 0
40 1 0 0 0 0 0 0 0 0
41 1 0 0 0 0 0 0 0 0
42 1 0 0 0 0 0 0 0 0
43 1 0 0 0 0 0 0 0 0
44 1 0 0 0 0 0 0 0 0
45 1 0 0 0 0 0 0 0 0
46 1 0 0 0 0 0 0 0 0
47 1 0 0 0 0 0 0 0 0
60 1 1 1 0 0 0 0 0 0
61 1 0 0 0 0 0 0 0 0
62 1 0 0 0 0 0 0 0 0
63 1 0 0 0 0 0 0 0 0
70 1 0 0 0 0 0 0 0 0
71 1 0 0 0 0 0 0 0 0
72 1 0 0 0 0 0 0 0 0
73 1 0 0 0 0 0 0 0 0
74 1 0 0 0 0 0 0 0 0
75 1 0 0 0 0 0 0 0 0
76 1 0 0 1 0 0 0 0 0
fl=/build/buildd/eglibc-2.17/string/../sysdeps/x86_64/multiarch/memmove.c
fn=memcpy@GLIBC_2.2.5
49 1 1 1 0 0 0 0 0 0
fl=/build/buildd/eglibc-2.17/string/../sysdeps/x86_64/multiarch/memset.S
fn=memset
27 1 1 1 1 0 0 0 0 0
28 1 0 0 0 0 0 0 0 0
30 1 0 0 0 0 0 0 0 0
31 1 0 0 1 0 0 0 0 0
32 1 1 1 0 0 0 0 0 0
33 1 0 0 0 0 0 0 0 0
34 1 0 0 1 0 0 0 0 0
fl=/build/buildd/eglibc-2.17/string/../sysdeps/x86_64/multiarch/strcmp.S
fn=strcasecmp
105 1 1 1 1 1 1 0 0 0
106 1 0 0 0 0 0 0 0 0
107 1 0 0 0 0 0 1 0 0
110 1 0 0 0 0 0 0 0 0
111 1 0 0 1 0 0 0 0 0
112 1 0 0 0 0 0 0 0 0
121 1 1 1 1 0 0 0 0 0
fn=strncasecmp
129 1 1 1 1 0 0 0 0 0
130 1 0 0 0 0 0 0 0 0
134 1 0 0 0 0 0 0 0 0
135 1 0 0 1 0 0 0 0 0
136 1 1 1 0 0 0 0 0 0
145 1 0 0 1 0 0 0 0 0
fl=/build/buildd/eglibc-2.17/string/../sysdeps/x86_64/multiarch/strnlen.S
fn=strnlen
30 1 1 1 1 0 0 0 0 0
31 1 0 0 0 0 0 0 0 0
33 1 0 0 0 0 0 0 0 0
34 1 0 0 1 0 0 0 0 0
35 1 1 1 0 0 0 0 0 0
37 1 0 0 1 0 0 0 0 0
fl=/build/buildd/eglibc-2.17/string/../sysdeps/x86_64/strchrnul.S
fn=strchrnul
26 700 1 1 0 0 0 0 0 0
27 700 0 0 0 0 0 0 0 0
28 700 0 0 0 0 0 0 0 0
29 700 0 0 0 0 0 0 0 0
30 700 1 1 0 0 0 0 0 0
31 700 0 0 0 0 0 0 0 0
32 700 0 0 0 0 0 0 0 0
33 700 0 0 700 0 0 0 0 0
34 700 0 0 0 0 0 0 0 0
35 700 0 0 0 0 0 0 0 0
36 700 0 0 0 0 0 0 0 0
37 700 0 0 0 0 0 0 0 0
38 700 0 0 0 0 0 0 0 0
39 700 0 0 0 0 0 0 0 0
40 700 0 0 0 0 0 0 0 0
41 700 0 0 0 0 0 0 0 0
42 700 0 0 0 0 0 0 0 0
43 700 0 0 0 0 0 0 0 0
44 700 0 0 0 0 0 0 0 0
45 700 0 0 0 0 0 0 0 0
47 200 0 0 200 0 0 0 0 0
48 200 0 0 0 0 0 0 0 0
49 200 0 0 0 0 0 0 0 0
50 200 0 0 0 0 0 0 0 0
51 200 0 0 0 0 0 0 0 0
52 200 0 0 0 0 0 0 0 0
53 200 0 0 0 0 0 0 0 0
54 200 0 0 0 0 0 0 0 0
55 200 0 0 0 0 0 0 0 0
57 700 1 1 0 0 0 0 0 0
58 700 0 0 0 0 0 0 0 0
59 700 0 0 700 0 0 0 0 0
fl=/build/buildd/eglibc-2.17/time/../sysdeps/generic/dl-hash.h
fn=gettimeofday
43 1 0 0 0 0 0 0 0 0
44 1 0 0 0 0 0 0 0 0
45 13 0 0 4 0 0 0 0 0
48 12 0 0 0 0 0 0 0 0
49 8 1 1 0 0 0 0 0 0
62 8 0 0 0 0 0 0 0 0
67 1 0 0 0 0 0 0 0 0
fn=time
43 1 0 0 0 0 0 0 0 0
44 1 0 0 0 0 0 0 0 0
45 13 0 0 4 1 1 0 0 0
48 12 1 1 0 0 0 0 0 0
49 8 0 0 0 0 0 0 0 0
62 8 0 0 0 0 0 0 0 0
67 1 0 0 0 0 0 0 0 0
fl=/build/buildd/eglibc-2.17/time/../sysdeps/unix/sysv/linux/x86_64/gettimeofday.c
fn=gettimeofday
30 1 0 0 0 0 0 0 0 0
31 7 1 1 0 0 0 4 0 0
34 3 0 0 0 0 0 1 0 0
35 3 1 1 0 0 0 0 0 0
36 2 0 0 1 0 0 0 0 0
fl=/build/buildd/eglibc-2.17/time/../sysdeps/unix/sysv/linux/x86_64/time.c
fn=time
36 1 0 0 0 0 0 0 0 0
37 7 1 1 0 0 0 4 0 0
40 6 1 1 0 0 0 1 0 0
41 2 0 0 1 0 0 0 0 0
fl=???
fn=???
0 1273 44 33 1098 20 1 76 1 1
fn=__libc_csu_init
0 34 3 3 8 1 0 8 0 0
fn=__libc_thread_freeres
0 56 2 2 14 1 0 12 0 0
fn=__rpc_thread_destroy
0 22 2 2 10 0 0 4 0 0
fn=_dl_debug_initialize
0 5 0 0 4 0 0 0 0 0
fn=arena_thread_freeres
0 42 2 2 18 0 0 6 0 0
fn=main
0 11 1 1 2 0 0 4 1 1
fn=memcpy@GLIBC_2.2.5
0 12 0 0 4 0 0 0 0 0
fn=multi_th_insert
0 1914 2 2 906 0 0 204 0 0
fn=multi_th_remove
0 2114 1 1 906 0 0 404 1 1
fn=queue_deq
0 1500 0 0 400 0 0 400 0 0
fn=queue_enq
0 4500 4 4 2100 0 0 1100 0 0
fn=queue_init
0 43 4 4 15 0 0 15 1 0
fn=res_thread_freeres
0 24 0 0 12 3 2 4 0 0
fn=run_threads
0 127 6 6 47 1 0 23 0 0
fn=strerror_thread_freeres
0 12 1 1 2 0 0 2 0 0
fn=try_queue_deq
0 4500 3 3 2400 2 0 800 0 0
summary: 581689 1160 1135 143062 2897 2146 71311 935 867
